187,1489,190,1493,190,1500,183,1507,174,1507,171,1505,168,1501,168,1495,175,1488,185,1488,0.45350728477122354
288,1460,287,1461,286,1464,282,1468,278,1470,276,1472,272,1474,271,1476,270,1476,261,1481,253,1484,251,1485,247,1487,245,1488,241,1491,239,1492,235,1493,206,1493,201,1492,197,1488,194,1484,193,1482,190,1476,190,1466,191,1461,195,1457,202,1454,206,1454,210,1453,216,1453,224,1450,226,1450,230,1449,241,1449,243,1448,247,1446,248,1445,252,1443,253,1443,255,1442,259,1439,261,1437,261,1435,264,1433,264,1430,266,1429,267,1425,271,1421,278,1418,284,1418,290,1419,294,1423,297,1430,297,1438,295,1442,295,1443,294,1449,292,1450,290,1456,0.46494511086176493
61,1398,62,1399,65,1406,65,1445,66,1448,66,1461,67,1464,67,1544,69,1547,69,1577,70,1579,70,1633,69,1637,65,1641,61,1643,53,1643,49,1641,44,1637,43,1633,43,1632,42,1628,42,1577,40,1573,40,1555,39,1551,39,1469,38,1465,38,1457,36,1454,36,1417,35,1413,35,1406,38,1399,39,1398,46,1395,54,1395,0.561000657421398
500,1394,503,1399,503,1402,504,1407,504,1426,505,1431,505,1445,507,1450,507,1470,505,1474,500,1477,492,1477,488,1476,485,1470,485,1460,484,1454,484,1411,483,1406,483,1399,484,1395,489,1392,496,1392,0.4998655020254118
162,1399,162,1396,163,1391,167,1387,174,1384,183,1384,189,1386,193,1390,195,1396,195,1398,197,1402,197,1403,198,1407,198,1446,199,1450,199,1452,201,1456,201,1458,204,1465,204,1473,202,1478,201,1481,197,1485,190,1488,179,1488,174,1487,170,1482,167,1478,166,1476,164,1474,163,1470,163,1469,162,1465,162,1445,159,1438,159,1430,158,1426,158,1414,159,1409,160,1407,160,1404,0.548177490423867
220,1445,213,1443,209,1441,208,1439,205,1435,202,1433,198,1427,198,1414,199,1407,199,1406,201,1399,204,1395,205,1394,206,1391,214,1383,220,1379,222,1379,228,1378,235,1378,241,1379,245,1382,247,1383,248,1387,249,1388,249,1390,252,1392,256,1398,256,1407,257,1413,257,1425,256,1431,253,1435,252,1437,249,1438,248,1439,243,1442,232,1445,0.5893124718843431
271,1403,270,1400,270,1399,268,1398,267,1395,261,1387,260,1384,260,1375,261,1371,266,1368,268,1367,276,1367,280,1368,283,1372,286,1374,288,1378,290,1380,290,1382,291,1383,291,1384,292,1386,292,1390,294,1391,294,1394,295,1395,295,1399,297,1400,297,1411,295,1414,294,1418,290,1421,287,1422,280,1422,276,1421,274,1417,271,1411,0.4024206969334599
237,1341,244,1341,249,1343,251,1344,252,1344,255,1347,256,1347,257,1348,259,1348,263,1352,266,1359,266,1368,264,1374,260,1378,253,1380,232,1380,230,1382,224,1382,222,1383,216,1386,210,1386,205,1391,202,1391,199,1394,198,1394,195,1396,191,1396,190,1398,187,1398,186,1399,175,1399,170,1398,166,1394,163,1387,163,1376,164,1371,170,1365,170,1364,174,1360,178,1359,181,1356,182,1356,183,1355,185,1355,187,1352,194,1352,197,1349,204,1347,206,1344,209,1344,212,1341,220,1341,221,1340,232,1340,0.49409808617974094
499,1336,500,1340,500,1363,499,1367,495,1368,488,1368,484,1367,483,1363,483,1340,484,1336,488,1335,495,1335,0.44991694849536373
162,1348,160,1345,160,1337,163,1332,166,1329,166,1328,170,1325,173,1324,182,1324,187,1326,189,1328,191,1332,190,1332,193,1336,194,1339,194,1345,193,1349,190,1351,190,1352,186,1355,183,1356,173,1356,164,1352,0.5206726007407008
183,1302,185,1305,185,1318,183,1321,181,1322,174,1322,171,1321,170,1318,170,1305,171,1302,174,1301,181,1301,0.3613154043753942
183,1238,187,1240,187,1263,189,1265,189,1277,190,1278,190,1287,189,1290,189,1294,186,1300,185,1301,179,1304,173,1304,168,1302,164,1300,164,1290,163,1287,163,1285,162,1282,162,1251,164,1246,164,1244,166,1240,168,1236,179,1236,0.5601629033264321
249,1154,251,1160,251,1191,252,1196,252,1215,251,1219,252,1224,252,1244,253,1247,255,1252,255,1287,253,1293,249,1298,245,1302,240,1305,236,1306,225,1306,220,1305,214,1302,212,1300,209,1295,206,1290,205,1286,205,1278,206,1273,206,1244,205,1239,205,1230,208,1219,208,1217,206,1213,206,1193,205,1188,205,1176,206,1170,206,1153,205,1148,205,1125,206,1119,212,1113,216,1110,224,1107,230,1107,236,1109,241,1113,243,1114,245,1119,247,1125,247,1130,249,1141,0.6472685662044665
549,1130,550,1133,550,1142,549,1146,549,1157,547,1160,547,1168,549,1170,549,1182,550,1187,550,1197,551,1200,551,1208,550,1212,550,1219,551,1222,551,1236,553,1240,553,1265,554,1267,554,1283,553,1286,553,1290,554,1294,554,1295,555,1300,555,1314,554,1318,553,1321,551,1326,549,1329,543,1330,536,1330,531,1329,528,1326,527,1321,527,1318,526,1314,526,1290,524,1287,524,1270,523,1266,523,1232,522,1228,522,1178,520,1174,520,1157,519,1153,519,1143,522,1135,522,1122,520,1121,519,1115,516,1110,516,1100,518,1095,520,1091,523,1090,523,1088,526,1086,531,1084,534,1083,542,1083,549,1086,554,1091,557,1098,557,1104,555,1110,554,1111,551,1118,549,1121,0.5941540387621121
551,1067,551,1069,550,1074,550,1078,549,1083,545,1087,538,1090,531,1090,526,1088,522,1084,519,1078,519,1075,518,1074,516,1071,512,1069,511,1068,509,1068,507,1065,505,1065,501,1061,499,1055,499,1047,500,1041,504,1037,511,1035,512,1035,514,1033,518,1032,519,1032,520,1030,524,1028,526,1028,527,1026,531,1025,539,1025,545,1026,547,1029,549,1029,553,1033,553,1035,555,1039,557,1043,557,1056,554,1064,0.5886730082159819
546,1018,543,1022,536,1024,527,1024,522,1022,518,1020,518,1018,516,1017,514,1012,509,1009,509,1006,507,1002,507,991,508,986,511,982,515,982,516,979,522,977,524,977,527,975,538,975,543,977,546,978,547,979,550,981,551,982,554,987,554,1001,553,1006,551,1009,547,1013,0.6095935508895378
491,983,495,991,495,1010,492,1016,492,1029,491,1035,493,1039,495,1043,496,1044,497,1049,497,1057,496,1063,495,1064,493,1067,493,1094,495,1096,495,1115,493,1121,493,1127,495,1130,495,1139,496,1141,496,1191,497,1192,497,1199,499,1201,500,1217,501,1220,501,1295,503,1297,503,1325,501,1330,499,1333,493,1335,487,1335,481,1333,478,1330,477,1325,477,1309,476,1306,476,1234,473,1227,473,1212,472,1209,472,1201,470,1199,470,1180,469,1177,469,1165,468,1162,468,1148,465,1141,465,1127,462,1123,462,1121,461,1118,461,1099,462,1094,462,1091,461,1088,460,1048,461,1043,462,1040,462,1036,461,1035,460,1029,460,1013,457,1008,457,994,458,989,460,986,460,982,458,981,457,975,457,963,456,961,456,940,458,935,462,931,468,930,483,930,488,932,492,936,493,942,493,956,491,963,491,970,488,981,0.5783653707031903
549,958,549,959,546,962,545,965,543,966,538,969,528,969,523,967,520,966,518,963,516,963,514,962,512,961,511,958,509,958,505,954,504,948,504,942,505,936,507,934,508,932,511,931,512,930,520,926,523,926,526,924,539,924,545,926,546,927,549,927,551,928,553,930,555,935,555,948,554,954,550,958,0.5526998476636025
569,1040,570,1033,571,1032,571,1029,570,1026,570,1014,571,1010,569,1008,566,1000,566,987,569,979,570,978,570,977,569,974,569,959,566,954,566,950,565,947,565,936,566,931,569,927,576,922,584,919,590,919,596,920,600,922,602,924,605,930,605,948,607,951,607,959,608,962,608,975,607,979,608,985,608,1013,609,1016,609,1055,608,1059,608,1061,609,1064,609,1067,611,1069,611,1090,612,1092,613,1098,613,1106,612,1111,612,1145,613,1148,613,1180,615,1182,615,1228,613,1234,612,1238,609,1240,604,1243,593,1243,588,1242,582,1236,581,1234,580,1228,580,1197,578,1195,578,1181,577,1178,577,1165,576,1162,576,1119,570,1111,569,1104,569,1098,570,1092,571,1088,571,1086,573,1084,573,1065,569,1057,0.6124453620527699
429,868,431,870,431,872,433,873,435,880,435,888,434,893,431,896,427,897,421,900,387,900,380,897,379,896,376,889,376,882,379,876,379,874,381,872,387,870,398,870,404,868,407,868,410,866,411,866,414,865,422,865,0.5542072521418517
415,595,419,599,421,603,421,604,422,608,422,624,423,627,423,635,425,638,425,667,426,670,426,714,427,718,427,764,429,767,429,769,430,772,430,784,431,788,431,796,433,799,433,810,431,813,431,818,434,825,434,837,433,841,429,845,425,846,415,846,411,845,407,841,406,837,406,825,407,822,407,818,403,814,400,807,400,799,402,796,402,787,400,784,399,780,399,772,400,769,400,760,399,757,399,753,398,749,398,743,399,740,399,732,398,728,398,720,399,717,399,710,398,706,398,655,396,652,396,651,395,647,395,624,394,620,394,611,395,607,395,603,396,599,400,595,404,593,411,593,0.5776191197584603
740,521,743,521,753,522,764,526,772,530,778,534,786,542,791,552,795,562,797,576,795,607,793,622,791,624,790,635,787,642,784,650,783,718,784,725,786,739,786,771,782,796,782,804,783,811,783,827,786,842,786,848,788,864,788,866,791,873,794,892,794,900,793,943,791,955,790,958,790,982,794,1000,795,1009,795,1016,797,1020,799,1032,801,1041,802,1078,801,1088,798,1099,787,1113,774,1126,767,1129,757,1133,747,1137,729,1137,721,1138,700,1138,689,1137,678,1133,669,1127,662,1122,655,1114,648,1104,646,1094,644,1087,643,1060,642,1056,642,1037,643,1026,643,1025,642,1020,642,993,643,982,644,978,644,971,643,969,642,965,639,950,639,940,636,930,635,917,635,882,636,872,639,866,636,834,638,821,639,815,639,800,636,792,633,778,633,718,635,708,639,697,639,686,638,678,638,650,631,624,629,612,629,587,631,574,633,564,638,553,644,543,646,542,647,539,655,531,666,526,673,523,683,519,729,519,0.7756341575291602
394,593,392,597,392,604,394,608,394,620,392,624,392,628,394,632,395,683,396,689,398,693,396,709,398,713,398,737,399,740,400,745,400,759,402,763,403,764,406,772,406,782,404,787,404,788,406,794,406,795,407,799,407,809,406,814,403,819,399,825,391,827,384,827,379,826,373,822,369,810,369,790,367,784,365,760,364,757,361,683,360,679,360,673,359,669,359,619,357,615,357,587,356,583,356,543,354,539,354,498,356,492,356,484,353,478,353,471,356,464,356,456,353,448,353,435,354,429,361,422,364,421,369,420,377,420,384,422,388,425,404,424,411,425,414,426,419,430,422,439,422,453,419,460,418,463,421,464,423,472,422,518,423,521,425,525,425,534,423,539,422,543,422,545,421,550,416,556,408,558,399,558,394,557,392,561,0.4834639910595359
383,433,367,433,361,432,357,428,356,422,356,416,357,410,359,408,364,402,369,401,376,401,379,400,381,400,384,398,387,398,392,396,407,396,412,397,415,398,416,400,419,405,419,409,421,412,421,421,419,425,418,430,414,435,408,436,395,436,390,435,388,435,0.5735354384392579
445,418,446,416,446,408,449,401,449,400,453,397,457,396,464,396,469,397,472,401,473,405,473,410,474,413,474,468,476,471,476,480,474,486,473,487,472,490,468,492,464,494,456,494,450,492,447,488,445,480,0.5303679419439712
501,538,501,535,500,534,499,529,499,491,497,488,497,467,499,461,499,417,500,412,501,409,503,408,503,406,504,405,504,402,505,397,509,393,515,391,523,391,528,393,532,397,534,402,534,437,532,443,532,456,531,461,531,514,532,517,532,519,534,522,534,538,532,543,531,546,530,548,524,550,515,550,509,549,504,543,0.5647421659160848
592,391,592,394,593,401,593,428,592,435,592,453,590,460,590,464,592,471,592,480,590,487,590,514,589,518,589,626,590,632,590,647,589,651,589,652,590,659,590,666,592,673,592,706,588,710,577,710,570,709,567,706,566,700,566,665,565,658,565,638,563,631,563,526,565,519,565,500,566,494,566,417,567,412,569,410,569,391,573,387,588,387,0.5730869050634967
26,389,27,391,27,402,26,405,23,406,16,406,13,405,12,402,12,391,13,389,16,387,23,387,0.36593686803071585
570,358,577,355,585,355,592,358,593,359,596,366,596,381,594,385,594,386,593,390,589,394,585,396,577,396,570,393,565,387,565,386,563,386,559,382,558,378,558,370,559,366,565,361,0.5789052991241943
540,359,540,361,542,362,545,367,545,378,543,383,539,387,536,389,535,390,530,393,515,393,509,391,507,390,505,389,503,387,500,385,497,379,497,367,499,362,505,355,508,355,512,352,527,352,532,354,538,356,0.6029019468696788
458,391,453,390,453,389,450,389,449,386,446,383,443,379,441,374,441,363,442,358,446,354,452,352,454,351,456,351,458,350,465,350,470,351,470,352,473,352,478,354,480,356,481,358,484,362,485,365,485,373,484,377,483,382,480,383,478,385,474,387,466,391,0.5982584305324
480,301,480,304,481,305,481,326,480,330,478,335,474,339,468,342,458,342,453,340,443,331,443,324,442,323,442,293,441,292,441,277,442,272,443,270,443,269,447,265,450,264,453,261,454,261,457,258,470,258,476,260,477,261,478,261,483,265,483,266,487,270,487,287,483,299,0.5310494602116614
480,237,480,249,478,256,477,257,477,258,474,262,457,262,453,261,449,258,449,238,450,231,457,225,468,225,474,226,478,230,0.4305642737496284
732,202,733,196,736,194,736,192,740,188,744,186,748,184,755,184,760,186,764,190,767,194,768,198,768,207,767,211,767,225,768,229,768,238,770,242,770,250,768,256,768,270,767,276,767,281,766,287,764,291,764,331,763,336,763,426,762,432,760,433,759,439,755,443,751,445,747,447,739,447,733,445,729,441,726,435,726,374,728,369,728,342,729,336,729,218,732,207,0.6179108407756242
706,186,709,190,710,192,710,262,709,265,709,307,708,309,708,324,709,326,709,332,708,335,708,373,706,375,706,412,705,414,705,424,704,428,700,430,697,432,690,432,686,430,683,426,682,424,682,409,681,406,681,381,682,379,682,347,683,346,683,327,685,326,685,248,686,246,686,241,685,238,685,231,686,230,686,218,687,217,687,192,689,188,693,186,695,184,702,184,0.5232790007021064
542,215,514,215,508,214,462,214,457,213,453,211,452,211,445,209,442,207,425,207,423,209,423,230,425,231,427,239,427,256,429,261,429,270,430,276,430,292,429,297,429,344,427,350,427,351,429,354,430,361,430,373,429,378,425,383,422,386,416,389,410,390,400,390,394,389,391,387,384,381,383,378,381,371,381,361,384,352,383,350,381,346,381,322,380,319,379,312,379,304,380,299,379,276,380,269,380,256,379,252,379,242,380,237,383,233,384,231,384,203,383,200,381,196,381,184,384,176,387,172,391,168,399,165,415,165,421,167,443,167,449,168,474,167,480,168,497,168,503,170,531,170,536,171,565,171,570,172,586,172,592,174,597,176,600,179,602,184,604,190,604,199,602,206,601,209,597,213,592,215,588,217,582,218,576,218,570,217,547,217,0.638279774415647
