649,1357,650,1361,650,1368,649,1372,645,1373,644,1373,640,1374,625,1374,621,1373,619,1369,619,1362,621,1358,623,1358,623,1357,627,1356,645,1356,0.6105028499128683
671,1344,672,1346,672,1353,671,1356,668,1357,658,1357,656,1356,654,1353,654,1346,656,1344,658,1342,668,1342,0.5138930982599655
425,1326,427,1330,427,1331,428,1336,428,1344,427,1348,425,1349,421,1350,415,1350,411,1349,409,1348,408,1344,408,1336,409,1331,409,1330,411,1326,415,1325,421,1325,0.49916954702416133
636,1325,637,1327,637,1334,636,1337,633,1338,621,1338,618,1337,617,1334,617,1327,618,1325,621,1323,633,1323,0.5186293840408325
621,1323,622,1326,622,1333,621,1336,618,1337,605,1337,602,1336,601,1333,601,1326,602,1323,605,1322,618,1322,0.5521990455912822
121,1341,117,1340,116,1336,116,1329,117,1325,121,1323,124,1323,124,1321,127,1318,131,1317,137,1317,141,1318,143,1319,144,1323,144,1331,143,1336,139,1337,136,1337,136,1338,128,1341,0.37367447349456473
638,1305,641,1309,641,1315,640,1318,636,1321,631,1321,627,1322,621,1322,618,1321,615,1317,615,1310,617,1306,618,1305,622,1303,636,1303,0.48485194659465325
662,1299,664,1302,664,1309,662,1311,660,1313,649,1313,646,1311,645,1309,645,1302,646,1299,649,1298,660,1298,0.3686435415788933
187,1360,160,1360,156,1361,149,1361,144,1360,137,1353,135,1346,135,1342,132,1337,132,1327,133,1322,137,1318,144,1315,156,1315,162,1317,166,1321,194,1321,198,1318,199,1318,201,1317,205,1315,207,1315,209,1314,211,1313,211,1311,217,1306,218,1301,229,1290,229,1289,233,1285,237,1282,241,1280,248,1280,253,1282,257,1286,260,1293,260,1309,259,1314,257,1315,256,1319,254,1321,253,1323,250,1326,249,1329,248,1333,240,1341,236,1344,233,1345,229,1346,224,1346,224,1348,222,1349,221,1352,217,1356,210,1358,191,1358,0.49261126611517725
114,1317,110,1315,109,1313,108,1313,105,1309,104,1306,104,1291,105,1287,109,1285,112,1283,123,1283,128,1286,129,1287,129,1289,132,1291,135,1297,135,1305,132,1310,129,1313,121,1317,0.5413432223284804
634,1272,638,1272,642,1274,644,1278,644,1285,642,1289,638,1290,615,1290,611,1289,610,1285,610,1278,611,1274,613,1272,617,1271,630,1271,0.5200793773186306
615,1274,617,1276,617,1283,615,1286,613,1287,602,1287,599,1286,598,1283,598,1276,599,1274,602,1272,613,1272,0.5409589859622496
688,1259,689,1263,689,1270,688,1274,684,1275,658,1275,654,1274,653,1270,653,1263,654,1259,658,1258,684,1258,0.5676445866003632
114,1255,117,1258,118,1262,118,1268,117,1272,116,1274,112,1275,101,1275,97,1274,96,1270,96,1262,97,1258,100,1255,104,1254,110,1254,0.6340736262949117
174,1239,180,1239,187,1240,189,1242,190,1242,191,1243,194,1243,199,1248,201,1251,203,1252,206,1258,207,1262,209,1267,209,1283,207,1290,205,1294,203,1295,203,1297,198,1302,193,1306,187,1307,167,1307,160,1306,159,1305,158,1305,152,1299,148,1294,147,1289,147,1285,145,1280,145,1268,147,1262,148,1256,152,1251,155,1250,158,1246,168,1240,0.5779132518728782
685,1246,685,1252,684,1255,681,1256,675,1256,672,1255,672,1243,684,1243,0.561176317019595
240,1216,244,1219,244,1220,246,1225,246,1228,248,1228,249,1229,249,1231,253,1235,253,1236,254,1238,259,1240,260,1247,260,1258,261,1260,261,1285,260,1289,259,1294,256,1298,249,1299,241,1299,236,1298,232,1295,230,1289,230,1287,229,1285,229,1283,228,1280,228,1272,221,1259,219,1258,218,1252,213,1247,211,1240,209,1238,206,1234,203,1231,202,1224,202,1217,203,1212,206,1208,213,1207,221,1207,226,1208,229,1211,232,1211,233,1212,236,1212,238,1213,241,1216,0.5315425408308406
170,1232,168,1234,163,1236,162,1236,135,1250,133,1250,131,1252,125,1255,116,1255,110,1254,106,1251,105,1244,105,1236,106,1231,108,1228,109,1227,109,1225,120,1215,120,1213,121,1212,127,1209,129,1209,131,1208,139,1204,140,1204,151,1199,156,1199,159,1197,175,1197,180,1195,191,1195,197,1196,199,1197,203,1201,205,1201,210,1203,214,1205,215,1212,215,1219,214,1224,211,1228,205,1229,176,1229,171,1232,0.48641337384104105
117,1189,118,1191,120,1193,120,1200,118,1203,116,1204,106,1204,104,1203,102,1200,102,1193,104,1191,105,1189,108,1188,114,1188,0.4501839983794424
409,1123,411,1126,411,1134,409,1137,407,1138,397,1138,395,1137,393,1134,393,1126,395,1123,397,1122,407,1122,0.5823764310085348
413,1140,412,1134,412,1126,413,1121,415,1119,415,1117,419,1114,430,1114,435,1115,436,1117,438,1122,438,1130,436,1134,436,1142,435,1148,435,1189,434,1195,434,1208,432,1213,432,1268,431,1274,431,1299,430,1305,430,1330,425,1333,411,1333,408,1329,408,1295,409,1290,409,1282,411,1276,411,1243,412,1238,412,1189,413,1188,412,1187,412,1174,413,1169,415,1168,415,1141,0.5837561878015739
136,1113,139,1118,139,1127,137,1129,137,1138,136,1140,136,1144,135,1148,129,1150,123,1150,118,1149,116,1144,116,1121,117,1118,118,1114,124,1111,132,1111,0.5162023789655994
408,1074,409,1078,409,1079,411,1083,411,1090,409,1094,409,1102,411,1106,411,1114,409,1118,405,1119,397,1119,393,1118,392,1114,392,1078,393,1074,397,1072,404,1072,0.5522197326079258
412,1102,415,1098,413,1095,413,1056,416,1051,417,1050,417,1048,421,1044,431,1044,435,1046,439,1050,439,1115,438,1119,434,1123,423,1123,419,1122,415,1118,415,1115,412,1110,0.5522288225630191
485,1031,487,1035,489,1038,489,1075,487,1078,487,1095,489,1097,489,1107,487,1110,487,1183,486,1185,487,1188,487,1199,486,1201,486,1203,483,1208,482,1209,477,1212,470,1212,466,1211,463,1207,462,1204,462,1156,463,1154,463,1136,465,1134,465,1125,463,1122,463,1113,465,1111,465,1055,466,1054,466,1038,467,1034,471,1031,474,1029,481,1029,0.6174229506437701
540,1011,543,1013,543,1093,541,1098,541,1110,540,1115,539,1117,533,1118,526,1118,522,1117,520,1114,520,1089,521,1083,521,1056,522,1051,522,1047,521,1042,521,1036,520,1031,520,1023,521,1017,522,1016,522,1015,524,1013,524,1012,526,1009,536,1009,0.5578163263802518
436,1016,436,1028,435,1031,435,1035,430,1036,417,1036,416,1031,416,1028,415,1025,415,1019,416,1015,416,1012,421,1011,435,1011,0.5683888810873031
207,1072,207,1075,206,1078,206,1085,207,1086,207,1110,205,1115,201,1119,195,1122,189,1122,183,1119,182,1118,179,1113,179,1103,182,1098,182,1064,183,1063,183,1048,184,1047,184,1027,186,1025,186,991,189,985,190,984,195,981,202,981,206,983,210,985,210,1036,209,1039,209,1070,0.6094777110181955
537,991,529,991,525,989,522,984,522,970,524,965,525,964,531,961,541,961,545,962,548,968,548,980,547,985,543,989,0.543521699624333
605,953,606,957,606,1004,605,1008,601,1009,594,1009,590,1008,588,1004,588,957,590,953,594,952,601,952,0.5416306881578984
489,945,490,946,493,952,493,996,491,999,491,1031,489,1036,487,1038,482,1040,475,1040,470,1038,469,1036,466,1031,466,1021,467,1020,467,985,469,984,469,980,467,977,467,953,470,948,470,946,474,944,477,942,483,942,0.6162453763123252
545,911,547,913,549,917,549,926,547,930,544,933,540,936,532,936,528,933,526,932,524,927,524,918,526,914,528,913,532,910,533,910,535,909,541,909,0.5896503419274151
489,909,491,911,493,917,493,925,491,930,490,932,489,937,489,940,487,944,485,946,475,946,471,945,469,942,469,930,467,929,466,923,466,917,467,911,469,910,470,910,471,909,477,907,483,907,0.5263774202628569
438,909,439,910,440,914,440,922,439,926,436,929,432,930,425,930,421,929,420,927,419,923,419,914,420,910,423,910,423,909,427,907,434,907,0.5682562088750931
425,813,425,795,427,793,427,791,428,787,432,784,435,783,442,783,446,784,448,788,450,791,450,795,451,796,451,807,450,809,450,829,448,832,448,844,447,847,447,854,448,855,448,882,447,885,447,886,446,890,442,893,439,894,432,894,428,893,425,889,424,886,424,851,423,850,420,844,420,836,423,831,424,829,424,815,0.5380316058555945
614,769,618,772,621,776,622,781,622,789,621,793,621,795,619,797,619,829,621,834,621,843,619,847,619,850,618,852,618,867,617,870,617,880,615,885,615,898,614,902,614,907,613,911,613,952,610,958,609,960,602,962,595,962,591,961,587,957,586,953,586,952,584,949,584,942,586,940,586,932,584,927,584,906,586,903,586,898,587,895,587,882,588,879,588,871,590,867,590,860,591,858,590,855,590,834,591,828,592,825,592,811,591,809,590,805,590,781,591,776,594,772,598,769,602,768,610,768,0.6155347441780579
430,788,428,792,427,793,423,795,415,795,411,793,409,789,409,777,411,773,412,772,412,770,416,769,423,769,427,770,430,778,0.5082104747494062
430,766,428,769,428,770,427,774,423,776,416,776,412,774,411,770,409,768,409,761,411,757,411,756,412,752,416,750,423,750,427,752,430,760,0.5464642223502908
447,740,448,742,448,750,447,753,444,754,438,754,435,753,434,750,434,742,435,740,438,738,444,738,0.3860691431022826
423,754,416,754,413,753,412,750,412,740,413,737,416,736,423,736,425,737,427,738,428,741,428,748,425,753,0.5316241636872292
430,697,430,705,428,709,428,717,430,721,430,729,428,733,428,737,423,738,412,738,411,733,411,699,412,695,412,693,417,691,428,691,0.4918724656105042
428,681,430,683,430,694,428,697,425,698,419,698,416,697,415,694,415,683,416,681,419,679,425,679,0.46811103324095404
430,666,430,672,428,675,425,676,419,676,416,675,416,663,428,663,0.47311400704913664
451,662,452,664,452,672,451,675,450,676,447,678,440,678,438,676,436,674,436,664,438,662,440,660,448,660,0.5993143758990548
710,969,708,977,704,985,702,989,696,995,689,1000,680,1003,657,1003,645,1000,642,999,634,993,630,987,629,983,627,981,625,972,625,968,623,962,623,957,625,938,623,936,623,870,625,862,625,823,626,815,626,801,627,793,627,791,629,783,629,776,630,768,630,753,631,745,631,732,633,723,634,699,636,691,636,679,634,675,634,660,636,652,637,650,637,648,641,640,646,635,653,630,658,627,661,624,671,621,689,621,702,624,707,627,715,632,719,639,722,643,724,652,724,682,723,690,722,713,720,721,720,729,719,734,718,742,718,774,716,780,716,800,715,807,715,820,714,828,714,832,712,840,712,864,711,870,711,880,710,886,710,893,711,897,711,962,0.7949841014967438
428,643,430,646,430,654,428,656,425,658,419,658,416,656,415,655,413,652,413,646,415,643,417,642,425,642,0.4778626289529105
428,624,430,627,430,635,428,638,425,639,419,639,416,638,415,635,415,627,416,624,419,623,425,623,0.6267938482619467
454,621,455,625,455,650,454,654,454,655,452,659,448,660,442,660,438,659,436,655,436,647,438,643,438,640,436,640,435,636,435,628,436,624,439,621,443,620,450,620,0.5217578097795829
431,604,432,607,432,615,431,617,428,619,421,619,419,617,417,615,417,607,419,604,421,603,428,603,0.5675020260470254
452,601,452,603,454,604,455,608,455,620,454,624,450,625,443,625,439,624,438,620,435,619,434,615,434,608,435,604,438,601,442,600,448,600,0.5602170543178268
431,572,432,576,432,583,434,587,434,597,432,601,428,603,421,603,417,601,416,597,416,589,415,585,415,576,416,572,420,570,427,570,0.4761311245315215
505,564,506,566,506,580,505,583,502,584,496,584,493,583,491,580,491,566,493,564,496,562,502,562,0.4788515863545013
434,549,434,558,432,561,431,562,428,564,419,564,417,560,417,546,421,545,432,545,0.5296063050627708
456,505,458,506,460,511,460,522,459,525,460,527,460,540,459,542,459,548,460,549,460,557,458,562,455,565,450,568,443,568,438,565,435,562,432,557,432,550,435,545,436,544,435,544,431,540,431,530,434,525,435,523,435,522,434,519,434,513,436,507,439,505,444,502,451,502,0.4821861589661485
432,503,435,509,435,510,436,511,436,521,435,522,435,527,436,529,436,537,435,538,435,541,434,545,428,548,421,548,417,546,415,541,415,509,416,505,421,502,428,502,0.49886942659363603
432,489,434,491,434,498,432,501,432,502,431,505,428,506,421,506,419,505,417,502,417,491,419,489,421,487,430,487,0.5337083742022515
658,472,660,476,660,498,658,502,654,503,648,503,644,502,642,498,642,476,644,472,648,471,654,471,0.5035750783395534
456,470,458,474,458,483,456,487,455,487,455,491,454,495,450,497,443,497,439,495,438,491,438,474,439,470,443,468,452,468,0.49721279330551627
563,456,566,460,567,463,567,472,566,475,566,525,564,527,564,532,566,533,566,552,564,554,564,613,563,616,563,644,561,647,561,655,563,656,563,666,561,668,561,694,560,697,560,713,559,717,555,719,552,721,545,721,541,719,539,715,537,713,537,627,539,625,539,611,540,609,540,525,541,523,541,515,540,513,540,495,541,494,541,476,543,475,543,463,544,459,548,456,551,455,559,455,0.6038260026351281
509,450,512,454,513,456,513,458,514,459,514,475,513,478,513,510,512,513,512,521,513,522,513,533,512,536,512,554,510,557,510,564,509,568,505,570,502,572,494,572,490,570,487,566,486,564,486,554,487,553,487,525,489,523,489,481,487,478,487,470,489,468,489,459,491,454,491,452,496,450,498,448,505,448,0.5948344761362443
432,462,432,455,434,451,438,450,454,450,458,451,459,452,460,456,460,463,459,467,455,468,442,468,434,466,0.5949269206599986
438,452,439,455,439,462,438,464,435,466,424,466,421,464,420,462,420,455,421,452,424,451,435,451,0.6165258614001451
660,440,661,444,661,467,660,471,660,474,658,478,654,479,648,479,644,478,642,474,642,459,644,455,644,444,645,440,649,439,656,439,0.5821124709885696
566,409,568,415,568,424,566,428,564,432,559,435,552,435,548,432,547,431,544,427,544,425,543,424,543,416,545,412,547,411,551,408,561,408,0.5805675092339516
513,415,513,423,512,427,510,428,508,430,504,431,497,431,493,430,491,425,490,425,489,421,489,415,490,411,493,411,493,409,497,408,504,408,512,411,0.6057621652775622
456,407,458,408,460,412,460,413,462,415,462,421,459,425,456,428,452,431,446,431,442,428,439,425,436,421,436,415,439,411,440,408,442,407,446,404,452,404,0.5938080904694895
51,369,53,372,53,383,51,385,48,387,42,387,39,385,38,383,38,372,39,369,42,368,48,368,0.5103952670814814
661,340,664,345,664,432,662,436,657,439,650,439,646,438,644,432,644,345,645,341,650,338,657,338,0.6258009591450294
462,391,460,393,459,397,455,400,452,401,446,401,442,400,439,396,436,391,436,380,438,379,438,361,439,360,438,357,438,345,440,340,443,337,448,334,455,334,459,336,462,340,463,342,463,344,465,345,465,353,462,358,0.6044698904805623
702,315,704,318,704,350,706,356,706,366,704,372,704,383,703,388,703,416,702,421,702,482,700,486,697,489,688,489,684,487,681,485,681,383,683,377,683,330,684,325,684,321,685,317,688,314,697,314,0.6492473441321454
661,317,662,319,662,328,661,330,658,332,652,332,649,330,648,328,648,319,649,317,652,315,658,315,0.5840426048352605
568,310,570,314,570,322,568,326,567,328,563,329,551,329,547,328,545,323,545,315,547,311,551,310,552,310,556,309,564,309,0.5590423802474895
520,315,520,322,518,326,516,328,514,329,509,330,496,330,490,329,489,328,487,322,487,315,489,310,490,309,491,309,493,307,498,306,512,306,516,307,518,310,0.5815801005363465
462,309,463,310,465,314,465,321,463,325,462,326,460,326,460,328,459,329,455,330,448,330,444,329,443,325,442,322,442,314,443,310,444,309,448,307,458,307,0.5685769468545914
54,310,55,313,55,326,54,329,51,330,44,330,42,329,40,326,40,313,42,310,44,309,51,309,0.5424196983151364
55,274,57,278,57,307,55,311,51,313,44,313,40,311,39,307,39,278,40,274,44,272,51,272,0.5645513192251109
55,259,57,262,57,275,55,278,53,279,46,279,43,278,42,275,42,262,43,259,46,258,53,258,0.593172492854523
58,213,59,217,59,248,58,252,54,254,47,254,43,252,42,248,42,217,43,213,47,212,54,212,0.5769669170905318
