339,336,338,339,337,339,335,341,332,342,331,342,328,342,327,342,318,341,317,341,316,340,311,340,308,340,302,340,300,340,291,340,290,341,260,341,257,340,226,340,223,340,222,340,177,340,174,340,173,339,172,339,171,339,168,337,166,335,165,332,165,329,165,328,164,327,165,324,165,322,165,321,167,318,169,316,171,315,172,315,172,314,173,314,174,314,178,313,221,313,223,312,234,312,236,312,262,312,264,311,275,311,278,312,282,312,283,311,286,312,288,312,290,311,292,311,293,312,294,311,303,311,306,312,312,312,314,311,317,311,319,311,329,311,332,311,335,313,337,315,337,316,339,318,339,321,340,324,340,325,341,328,341,329,340,331,340,333,0.7832411173826019
190,254,189,255,189,255,189,254,190,254,0.33192649483680725
225,252,226,253,226,255,226,258,226,260,225,261,224,262,224,263,223,264,222,266,219,267,219,267,217,267,217,267,214,268,214,268,212,267,211,267,209,266,208,266,206,266,206,265,205,265,203,266,200,266,198,265,197,264,195,261,195,258,196,256,197,254,200,253,201,253,203,252,203,252,204,253,205,252,206,252,206,252,207,252,207,251,208,251,208,251,209,251,209,250,212,248,213,248,213,248,215,247,219,247,221,248,224,251,0.5123806270893196
140,250,140,251,139,251,139,251,138,251,138,250,139,250,139,250,0.3353741347789765
217,250,217,250,217,251,214,251,214,250,215,250,216,250,0.32226925546472723
171,255,169,257,163,257,162,256,161,255,161,253,160,251,160,248,162,246,168,246,170,247,170,247,170,248,171,249,171,251,171,254,0.44279376251234426
60,239,60,242,59,243,59,242,59,240,58,240,58,239,59,238,60,238,0.3233053450073515
62,242,62,243,61,243,61,242,61,239,61,238,62,238,0.3379942496617635
337,237,337,238,337,238,336,238,336,238,336,237,336,237,337,237,0.31534638404846194
184,234,184,236,184,237,183,237,182,236,182,234,183,234,184,234,0.34136299653486774
55,231,56,232,57,232,58,234,59,234,60,236,60,242,60,244,58,245,53,245,52,244,51,242,50,240,50,238,50,236,50,235,51,233,51,233,51,232,53,231,0.4135437055378203
299,232,299,232,299,233,298,233,298,232,298,232,298,231,299,231,0.3390357673168183
204,230,205,231,205,235,204,236,203,236,202,236,202,237,201,237,200,237,199,237,198,236,198,230,199,229,200,229,200,229,201,229,201,229,202,229,203,229,0.3430028561698763
197,232,196,232,196,232,196,231,0.31992720473896374
196,244,196,245,196,246,197,247,197,248,196,250,196,252,196,253,195,255,194,255,192,256,187,256,185,256,183,255,183,252,182,251,182,247,183,245,182,243,181,242,180,241,179,239,178,237,178,235,178,234,179,233,179,232,180,231,181,231,181,230,182,230,182,229,183,229,183,228,184,228,184,227,185,226,184,226,185,225,186,224,189,223,191,223,193,224,195,225,195,226,195,226,197,227,197,227,197,227,198,228,199,230,199,234,198,236,198,237,198,239,0.557391181907028
252,220,255,223,256,225,256,226,257,228,257,233,256,236,256,237,256,248,257,250,258,255,258,257,257,260,257,260,257,261,256,263,254,265,253,265,252,267,249,268,248,268,248,269,245,269,245,269,242,269,240,267,239,266,238,266,237,265,236,263,236,262,235,260,234,258,234,255,235,252,236,250,236,250,236,249,236,248,236,240,235,239,235,236,235,236,234,235,234,234,234,233,233,231,233,228,234,225,235,223,236,223,236,222,238,220,239,219,239,219,241,218,243,217,243,217,246,217,248,217,251,218,252,219,0.6160816979895737
217,222,217,223,215,224,214,224,212,223,212,222,213,221,214,221,215,221,215,221,0.34051864084444544
248,220,248,221,248,222,247,222,246,221,246,220,247,220,248,219,0.33842658624053
146,212,146,214,145,215,144,215,144,214,144,213,144,212,145,212,0.34041203558444977
62,212,62,215,61,215,61,214,60,213,60,212,61,211,62,211,0.3222621061972209
144,210,144,210,143,211,143,211,142,210,142,210,143,209,143,209,0.3199301600456238
182,209,182,210,182,210,181,210,181,210,181,209,181,209,182,209,0.33340814113616946
174,212,173,211,173,208,174,208,175,209,175,211,0.33295451005299886
174,212,174,211,174,207,174,206,175,206,178,206,179,205,180,205,180,207,180,211,180,212,179,213,175,213,0.3757222481071949
60,209,61,210,62,211,62,215,62,216,61,217,60,217,60,218,58,219,58,219,57,220,55,220,53,220,51,220,50,219,50,218,50,218,49,216,49,214,49,210,49,209,49,208,50,206,50,201,51,199,53,199,55,200,55,200,56,202,56,202,56,203,56,204,57,204,57,204,58,206,59,207,59,207,60,209,0.44735728565640626
226,211,226,212,226,212,225,214,225,220,225,222,224,223,226,225,226,225,226,226,227,228,227,230,227,233,227,234,227,235,226,237,226,237,226,239,226,240,225,242,225,242,225,244,225,246,224,249,223,250,223,251,222,253,220,254,217,255,213,255,211,254,209,253,207,251,207,248,207,247,206,245,206,245,205,242,204,240,202,238,201,237,201,234,201,232,201,230,202,229,202,227,204,225,204,225,204,224,204,222,204,221,203,220,203,217,203,218,200,218,200,218,200,224,199,225,199,228,197,230,197,230,195,232,192,232,187,232,184,232,182,230,181,228,181,227,180,226,179,224,179,222,179,220,178,219,178,218,177,217,175,216,174,213,173,211,173,208,174,205,175,203,176,203,178,201,180,201,183,199,184,199,185,198,188,198,192,198,195,198,197,198,200,198,203,198,205,198,206,198,207,198,208,197,209,196,210,196,211,195,213,195,217,195,219,195,220,196,220,196,221,196,221,196,223,198,225,200,225,200,225,201,225,201,226,202,226,203,226,203,227,206,227,209,0.5887643697023147
316,201,316,203,316,206,316,207,316,209,315,210,315,211,315,212,315,216,315,218,315,219,315,221,315,222,314,224,315,224,315,225,315,226,315,226,316,227,316,229,316,232,315,236,315,250,315,253,315,254,315,256,315,257,314,258,314,261,312,263,311,264,309,265,308,265,307,266,304,267,302,267,300,266,299,266,299,266,298,265,298,265,297,265,297,265,295,263,293,261,293,261,293,260,292,258,292,255,293,252,293,252,293,249,293,247,293,246,293,243,293,240,293,236,292,234,291,232,291,229,292,226,293,224,294,224,294,223,293,222,293,221,293,220,293,213,291,211,291,211,290,209,289,206,289,204,290,202,291,200,295,197,296,197,296,196,298,195,300,194,303,194,304,194,307,194,307,195,308,195,309,195,309,195,310,196,310,196,312,197,314,199,0.6679150118521392
285,223,285,224,285,225,286,225,286,228,286,232,286,234,286,236,285,238,285,250,286,250,286,252,287,255,287,256,286,257,286,259,286,261,285,262,285,262,284,264,283,265,281,266,281,266,279,268,276,269,274,268,270,267,268,265,266,264,266,263,265,263,264,262,263,260,262,258,262,255,263,252,264,251,264,250,264,249,264,245,264,243,264,238,264,236,263,233,263,232,263,231,263,229,263,226,264,226,264,225,264,225,264,224,265,223,264,222,264,221,264,219,264,210,263,208,263,204,264,202,265,200,266,199,266,198,268,196,270,195,271,195,272,194,274,194,275,194,277,194,279,195,280,196,281,196,283,197,284,198,285,199,286,201,286,201,287,202,287,202,287,203,288,205,288,207,287,209,287,211,286,213,285,215,285,222,0.6569997574854006
257,207,257,209,257,211,256,212,256,213,255,215,255,218,254,221,254,222,254,224,252,226,250,227,248,228,242,228,240,227,238,226,237,224,236,222,236,221,235,219,235,218,235,216,235,213,235,213,235,211,235,210,234,209,234,207,234,205,234,204,234,202,235,201,235,201,238,197,240,196,242,195,246,194,247,194,249,194,250,195,251,195,251,195,252,195,256,199,257,201,258,203,258,206,0.6407040021678879
343,198,344,200,344,200,345,201,345,203,345,206,345,207,345,208,344,210,344,213,344,215,344,222,343,224,343,224,344,225,344,227,344,228,344,229,344,232,343,234,343,238,344,240,344,258,343,261,343,261,343,262,342,262,342,263,341,265,339,266,338,266,337,267,334,268,332,268,329,267,329,267,328,267,326,265,324,263,324,263,322,261,322,258,321,257,321,253,322,250,322,248,322,242,323,239,323,238,323,236,322,235,322,232,322,230,322,227,323,225,323,225,323,224,324,223,324,222,323,222,323,219,323,210,322,209,322,208,322,208,321,205,321,205,322,202,322,200,324,198,325,197,327,196,328,196,328,195,330,193,333,193,335,193,337,193,341,196,0.6455432573233356
387,190,387,191,388,191,388,191,389,191,391,193,395,197,395,200,395,203,395,205,395,210,394,213,394,214,394,215,392,217,388,221,384,222,382,222,380,221,379,221,374,221,371,220,369,220,366,220,364,218,362,216,361,214,361,213,361,212,360,212,360,208,360,200,360,197,361,196,361,195,363,193,365,191,365,191,366,190,367,190,367,189,371,189,379,189,384,190,0.6764845163520484
269,183,269,183,269,184,268,184,268,183,268,183,268,182,269,182,0.33130227327346806
222,180,222,180,222,179,0.3274107500910759
290,177,290,180,289,180,289,180,289,179,288,179,288,177,289,177,290,177,0.32000274383104765
236,177,236,180,235,181,235,181,234,180,234,180,234,177,234,177,235,177,0.3404421889119678
131,177,131,178,131,178,130,178,130,178,130,177,130,177,131,177,0.3322866380214691
231,175,233,175,235,175,236,177,236,181,235,182,233,183,232,183,231,184,228,184,227,183,226,184,225,183,224,182,223,181,223,177,224,176,226,175,227,175,228,174,231,174,0.4046650419772511
342,185,342,190,342,192,342,195,342,197,341,198,340,199,340,199,340,199,338,201,335,202,332,202,330,202,328,200,327,199,326,198,326,197,325,196,325,194,325,186,324,186,323,184,323,182,323,182,322,181,322,180,322,178,323,176,323,176,324,174,326,173,327,173,329,172,330,172,331,171,335,171,337,172,338,172,338,172,340,173,341,174,342,176,342,178,342,184,0.5735327138092743
175,173,180,173,181,173,183,172,184,172,185,172,186,172,188,171,190,171,192,172,193,173,196,173,198,173,200,173,201,173,203,173,204,173,206,174,207,175,208,178,208,182,208,184,206,186,203,187,203,187,201,188,201,188,199,188,197,188,196,190,195,190,194,192,189,193,186,193,182,192,180,191,179,190,173,190,172,190,171,191,171,192,172,194,172,196,172,198,172,199,172,201,171,202,170,203,168,204,167,204,161,204,159,204,157,202,156,199,155,198,155,196,156,192,155,191,154,190,149,190,145,189,143,188,142,184,142,182,143,180,144,178,146,177,147,177,148,176,151,176,152,176,155,176,155,175,156,175,157,174,158,173,160,172,162,171,163,171,164,171,166,171,166,171,168,172,170,173,170,173,171,173,172,174,174,174,0.5377325350344967
377,191,374,191,372,190,371,189,370,187,370,186,370,185,369,184,369,176,370,173,371,173,373,172,377,172,378,172,380,174,380,174,382,175,382,177,382,185,382,186,380,188,380,188,380,189,378,190,0.34542239740783093
321,172,323,173,323,174,323,174,324,175,325,177,326,179,326,180,325,183,324,184,324,185,322,186,320,186,319,186,317,187,315,187,314,188,313,188,313,195,312,198,311,199,309,201,308,201,306,203,301,203,298,202,297,201,294,197,294,195,293,194,293,190,292,188,292,186,292,186,291,186,290,184,290,184,289,182,288,180,288,178,289,175,291,173,293,172,294,172,296,171,296,171,297,170,299,169,301,169,303,169,306,169,306,170,307,170,309,170,310,170,311,171,314,171,314,172,319,172,0.5815093530455419
226,184,225,184,225,185,224,186,223,188,223,188,223,189,223,195,222,197,221,199,221,199,219,200,217,201,212,201,209,200,208,199,206,196,205,193,205,191,204,189,202,187,202,186,201,185,200,183,200,182,199,180,199,178,200,176,201,174,203,173,205,172,205,172,207,171,208,171,210,170,214,169,216,169,218,169,220,170,220,171,221,171,222,172,222,172,224,173,224,173,224,174,225,174,226,176,226,178,226,182,0.5762244870372915
165,175,165,174,166,174,166,175,165,175,163,175,163,175,163,174,164,174,0.32143374085426335
238,173,239,171,241,171,243,170,246,170,248,170,249,171,251,172,253,173,254,176,254,177,255,178,255,179,254,180,254,182,254,184,253,185,252,186,252,186,252,188,252,190,252,191,252,193,251,195,249,197,247,197,242,197,240,197,239,195,238,193,238,192,238,192,237,191,237,190,238,189,237,188,238,186,237,186,237,185,236,185,234,183,233,181,233,181,233,180,233,179,232,177,233,176,233,175,235,174,237,173,238,173,0.5601544221085826
277,169,277,170,276,171,275,171,275,170,275,169,275,169,276,168,0.32481076568365097
246,165,246,165,247,165,248,166,248,167,248,168,248,169,248,170,247,170,241,170,240,170,239,169,239,168,240,167,239,167,240,166,242,163,243,163,245,164,0.37537141604188046
186,163,186,163,186,164,185,164,185,163,185,163,185,162,186,162,0.34256920814514163
128,157,128,157,128,158,127,158,127,157,127,157,127,156,128,156,0.3223988115787506
144,157,143,158,143,157,0.3392062187194824
153,154,153,158,152,158,151,157,151,156,152,156,151,156,151,154,152,153,0.3568991234428004
149,157,147,157,146,157,146,155,147,154,149,154,150,153,150,153,151,153,152,154,152,158,151,159,150,158,150,158,0.3345200578833735
154,154,154,153,154,153,155,153,155,158,154,159,153,158,153,154,0.3683627808094025
387,146,391,148,392,149,392,150,394,152,394,155,394,158,394,161,394,165,393,166,393,167,393,169,391,172,389,173,386,174,380,174,377,175,374,175,371,174,369,173,368,173,364,171,363,170,362,168,362,167,361,167,361,166,361,166,360,163,360,153,361,151,362,148,363,147,363,147,363,146,365,145,366,145,367,144,370,143,373,144,374,144,374,144,376,145,377,145,378,145,379,146,385,146,0.5685420448375642
65,149,65,149,64,150,64,150,63,149,63,149,64,148,64,148,0.3287488996982575
170,147,171,147,172,147,173,147,174,146,175,146,175,146,179,146,180,145,180,145,181,145,182,145,183,144,183,144,184,144,188,144,190,144,191,145,192,145,194,146,194,147,195,147,196,148,197,148,198,150,198,151,199,152,199,153,199,154,199,155,198,158,198,159,198,159,197,162,196,164,195,164,195,164,194,165,195,166,195,169,194,171,193,173,191,174,190,175,188,176,186,176,184,175,182,174,182,174,181,173,180,172,179,170,179,170,179,169,178,169,178,167,179,166,178,165,178,164,178,164,175,164,173,163,172,163,172,164,172,165,172,167,172,168,172,171,172,172,172,173,171,175,170,177,168,178,165,178,165,178,163,178,161,178,160,178,158,177,156,176,155,174,154,172,154,165,153,165,153,163,153,163,151,160,151,160,151,159,151,154,151,152,152,150,153,149,155,148,156,148,157,147,158,146,160,144,162,143,164,143,166,143,169,147,0.5390260447876882
330,144,330,146,329,146,328,146,328,146,328,145,328,144,329,144,0.31224213168025017
369,141,370,140,369,139,369,139,370,138,369,137,368,136,369,136,370,136,370,135,370,135,371,133,372,133,373,135,373,136,374,136,376,137,376,137,375,138,376,139,376,139,374,140,375,141,375,141,374,142,373,142,373,144,372,145,372,145,371,145,371,145,370,144,370,143,369,142,0.32240353907104086
58,127,58,130,58,130,57,130,57,130,57,129,56,129,56,128,57,128,57,127,58,126,0.32043189406394956
54,122,55,123,56,123,58,123,59,125,59,126,59,130,58,133,58,133,57,134,56,136,56,136,53,137,52,138,50,138,48,137,46,135,45,132,45,128,46,127,47,124,47,124,48,123,51,122,51,122,52,122,0.45357559607006037
77,130,77,130,75,129,75,128,75,125,75,124,77,123,77,123,77,123,79,122,82,122,84,123,84,123,84,123,86,124,86,125,86,129,86,130,84,131,84,131,84,131,82,132,82,132,80,131,79,131,78,130,0.39960285358958775
344,123,345,126,345,128,345,131,345,134,344,136,344,138,344,138,343,141,343,141,343,142,342,143,343,144,343,145,344,145,345,148,345,149,346,150,346,153,346,154,347,157,346,160,346,161,345,163,344,166,344,167,343,169,341,173,341,174,339,175,335,176,330,176,327,176,325,174,324,173,322,171,322,170,321,169,321,168,320,166,319,163,318,160,318,159,318,157,318,153,318,150,319,147,321,145,320,143,320,143,320,141,319,139,319,135,319,134,318,133,318,131,318,128,318,126,318,125,319,124,320,121,321,120,323,119,324,118,327,116,328,116,329,116,330,115,332,115,335,115,336,115,337,116,340,117,341,118,342,119,343,120,0.5192558274502673
79,123,80,125,80,126,79,127,79,128,79,130,78,131,78,132,77,133,77,134,77,137,77,139,77,147,77,149,77,150,78,152,78,159,77,160,77,162,77,164,77,166,77,167,78,169,78,173,77,174,77,175,77,176,77,177,78,179,79,181,79,187,78,190,78,190,78,191,77,192,78,194,78,194,79,196,79,198,79,202,79,204,79,206,79,208,79,208,80,210,80,218,79,220,79,220,80,222,80,232,79,233,79,234,79,235,79,236,80,238,80,239,80,241,80,249,81,251,81,253,81,260,81,262,81,263,81,264,81,265,82,266,82,269,82,269,83,271,83,272,82,275,82,275,82,276,81,278,80,279,77,280,75,281,73,281,68,280,64,278,63,277,62,277,61,276,60,276,58,276,57,276,56,275,54,274,53,274,51,273,50,271,50,269,50,268,49,266,49,264,50,261,51,259,52,258,54,257,56,257,58,257,60,257,61,258,61,256,60,254,60,252,60,251,59,249,59,249,58,246,57,242,57,238,57,236,59,234,60,233,60,227,60,225,60,221,59,220,58,218,57,217,57,215,57,212,57,209,59,207,59,206,59,205,59,203,59,203,58,201,58,194,58,194,57,194,54,195,52,196,50,195,48,194,47,193,46,191,45,189,45,187,45,182,45,180,46,178,47,177,49,176,51,175,56,175,57,175,57,166,56,166,55,166,54,166,54,165,53,165,51,165,49,164,48,163,47,160,47,158,47,156,47,153,48,151,49,150,51,149,52,149,53,148,56,147,57,147,57,146,56,144,56,143,57,140,57,134,56,132,56,131,56,130,56,129,55,128,55,127,56,124,57,122,58,121,59,121,59,120,59,120,60,119,61,118,62,118,65,117,67,116,69,116,72,117,74,118,74,118,75,119,76,119,76,120,77,120,78,121,0.56735164359217
333,114,333,116,332,116,332,116,332,115,332,114,332,114,332,113,332,113,0.318682798743248
98,112,98,113,97,114,96,114,96,113,96,112,96,112,97,111,0.34479357674717903
136,112,132,112,131,112,131,111,132,111,132,110,132,110,133,110,134,110,134,110,135,110,136,111,0.33070739989097303
131,110,131,112,131,113,130,113,130,112,130,110,130,110,131,110,0.3249667197465897
93,110,93,109,93,108,94,107,96,107,97,108,97,108,98,109,98,109,99,109,99,111,99,111,99,112,99,114,99,115,93,115,92,114,92,110,0.3689420819282532
62,112,62,112,62,110,63,109,62,109,62,108,63,106,65,105,66,105,67,105,68,105,70,106,71,106,72,108,72,112,72,112,72,113,72,114,71,114,71,116,71,117,69,118,66,118,64,118,62,114,0.42135002671016586
99,103,99,104,99,104,97,104,97,104,97,103,97,102,99,102,0.32370998710393906
67,103,67,104,67,104,65,104,65,104,65,103,65,102,67,102,0.33011237904429436
61,99,61,100,61,100,60,100,60,100,60,99,60,99,61,99,0.3422921419143677
127,88,136,88,140,89,158,89,160,89,161,89,163,89,163,89,165,90,167,90,168,90,170,91,171,90,172,90,174,91,188,91,190,91,199,91,201,92,206,92,208,91,221,91,223,92,244,92,246,91,246,91,248,92,254,92,256,91,257,91,259,92,268,92,270,91,271,91,273,92,277,92,279,92,280,92,293,92,295,91,305,91,307,92,324,92,326,91,334,91,336,92,337,92,337,92,341,96,342,98,342,102,341,104,341,104,340,105,337,109,335,110,333,110,332,110,330,110,329,110,327,109,325,109,323,109,321,109,319,108,309,108,307,109,307,109,305,110,297,110,295,109,292,109,290,109,279,109,275,110,259,110,257,109,251,109,249,110,248,110,246,110,240,110,238,110,237,110,235,109,234,109,232,109,216,109,214,109,212,109,210,109,207,109,205,108,197,108,196,108,194,108,192,108,192,109,189,110,184,110,182,109,181,109,179,109,178,108,176,108,174,108,168,108,164,109,159,109,157,108,156,108,154,108,152,107,152,107,150,106,145,106,143,106,142,106,140,106,137,108,137,108,135,108,130,108,126,107,126,106,123,106,114,106,112,105,111,105,110,105,108,105,105,105,105,106,104,106,102,108,100,109,99,110,95,110,94,109,94,109,92,109,90,107,90,106,88,106,88,106,86,105,84,105,82,106,80,106,78,105,77,105,75,105,74,106,72,107,72,107,71,109,68,110,66,110,64,109,62,108,58,108,57,109,55,109,53,111,53,111,52,112,49,112,47,111,44,108,43,105,43,104,42,103,42,102,43,98,44,97,44,96,48,93,50,92,55,92,57,92,58,91,59,91,60,91,61,91,63,89,64,89,64,89,66,88,70,88,72,89,72,89,73,89,73,90,74,90,75,90,76,90,77,90,79,89,82,89,84,90,85,90,87,90,87,90,88,90,88,89,90,89,90,89,93,88,95,87,99,87,101,88,101,88,103,88,104,89,124,89,0.6709817600362913
