2229,3582,2227,3587,2232,3593,2232,3595,2234,3597,2234,3598,2236,3600,2240,3608,2242,3615,2242,3617,2240,3624,2236,3631,2234,3633,2223,3639,2221,3639,2217,3641,2216,3641,2206,3642,2201,3642,2193,3641,2178,3633,2173,3635,2164,3635,2156,3633,2149,3628,2143,3622,2139,3615,2138,3606,2136,3598,2136,3584,2138,3576,2141,3569,2143,3567,2151,3563,2154,3563,2156,3562,2171,3558,2173,3556,2180,3552,2186,3551,2190,3551,2193,3549,2201,3547,2210,3547,2217,3551,2223,3552,2225,3554,2229,3562,2230,3569,2230,3578,0.465989760435354
1875,3012,1866,3012,1861,3010,1853,3006,1851,3004,1849,2999,1849,2997,1851,2992,1855,2992,1855,2990,1859,2990,1859,2988,1864,2986,1877,2986,1883,2988,1887,2990,1888,2988,1896,2988,1898,2986,1903,2984,1907,2984,1913,2986,1914,2988,1916,2988,1920,2992,1922,2997,1920,3001,1920,3003,1918,3008,1916,3010,1911,3012,1900,3012,1894,3010,1881,3010,0.5821675523526251
1773,3010,1771,3012,1769,3012,1764,3014,1758,3014,1753,3012,1749,3010,1747,3008,1745,3003,1743,2999,1745,2993,1749,2990,1753,2990,1755,2986,1760,2984,1771,2984,1777,2986,1779,2990,1779,2992,1781,2997,1781,3001,1779,3006,1775,3010,0.5853898273337454
619,2970,621,2970,625,2971,626,2971,634,2975,638,2979,641,2986,641,2993,638,3001,632,3006,625,3010,610,3010,606,3008,600,3006,598,3003,597,3003,593,2997,591,2993,591,2990,593,2988,593,2984,597,2977,600,2973,608,2970,610,2970,613,2968,615,2968,0.5967789974969787
729,2929,730,2931,734,2938,734,2955,732,2962,727,2968,719,2970,716,2971,704,2971,697,2970,686,2970,678,2968,671,2964,664,2957,662,2951,664,2944,665,2940,665,2938,667,2931,669,2927,671,2925,671,2922,673,2918,675,2916,690,2909,701,2909,708,2911,712,2913,717,2914,729,2925,0.5442677737177313
625,2911,623,2918,621,2920,621,2922,617,2925,612,2927,602,2927,595,2925,589,2920,587,2913,587,2905,589,2896,589,2890,591,2883,593,2881,593,2879,597,2876,602,2874,608,2870,613,2870,617,2872,619,2874,621,2881,621,2885,625,2900,0.4099571864272273
1840,2857,1825,2857,1822,2856,1820,2854,1816,2856,1814,2856,1810,2857,1797,2857,1794,2856,1790,2856,1786,2854,1782,2854,1775,2857,1773,2857,1769,2859,1766,2857,1758,2857,1756,2856,1753,2857,1725,2857,1721,2856,1719,2852,1719,2844,1721,2841,1725,2839,1727,2839,1730,2837,1734,2837,1738,2839,1764,2839,1768,2837,1771,2839,1796,2839,1799,2837,1807,2837,1810,2839,1833,2839,1836,2837,1838,2837,1842,2839,1844,2839,1848,2841,1851,2844,1853,2848,1853,2852,1851,2856,1844,2859,0.45705340802669525
621,2861,613,2857,610,2854,606,2852,604,2850,602,2844,602,2832,604,2826,610,2822,612,2821,619,2817,628,2817,636,2821,641,2822,645,2828,647,2832,647,2844,645,2850,639,2854,638,2856,626,2861,0.5861437970356976
433,2867,433,2885,435,2889,435,2890,433,2896,433,2918,431,2922,433,2924,433,2935,431,2936,431,3043,429,3049,429,3054,431,3060,431,3084,429,3087,431,3089,431,3139,428,3148,426,3150,426,3152,424,3153,420,3155,411,3159,409,3159,398,3155,390,3144,390,3133,392,3129,392,3113,390,3111,390,3100,392,3098,390,3095,390,3067,392,3063,392,3019,394,3015,392,3012,392,2975,390,2970,390,2964,388,2958,388,2957,390,2953,390,2942,392,2936,390,2935,390,2920,392,2916,392,2776,394,2771,394,2769,396,2765,394,2762,392,2756,392,2747,396,2738,398,2736,398,2734,400,2732,409,2729,411,2729,413,2727,420,2727,426,2730,428,2732,431,2734,433,2736,437,2745,437,2749,435,2754,435,2760,433,2765,433,2775,435,2778,435,2822,433,2828,433,2832,435,2835,435,2861,0.651594366417491
866,2650,872,2650,881,2651,883,2651,892,2653,901,2657,903,2659,907,2659,911,2661,916,2662,924,2668,933,2675,959,2701,959,2705,963,2708,963,2712,967,2716,967,2718,970,2721,970,2723,978,2730,978,2732,981,2736,981,2738,985,2742,985,2743,989,2747,989,2753,991,2754,991,2760,993,2762,994,2773,994,2786,998,2800,996,2806,996,2810,998,2811,1000,2819,1002,2821,1004,2832,1004,2835,1002,2844,1000,2846,1000,2848,994,2857,991,2861,989,2865,991,2874,991,2883,993,2892,991,2903,989,2905,989,2907,987,2909,987,2911,980,2920,978,2922,974,2927,967,2933,965,2933,963,2936,957,2940,955,2940,955,2944,952,2949,948,2958,940,2966,937,2968,927,2977,920,2979,918,2979,914,2982,913,2982,909,2986,907,2986,905,2990,901,2993,900,3001,898,3003,898,3004,890,3014,881,3023,877,3023,875,3025,864,3027,855,3027,846,3025,840,3025,835,3023,833,3027,822,3038,814,3039,805,3041,794,3039,786,3038,784,3036,783,3036,773,3028,764,3019,762,3014,760,3015,749,3017,736,3017,727,3015,717,3008,706,2997,706,2995,704,2993,703,2984,701,2977,701,2971,703,2960,704,2958,704,2955,712,2946,716,2938,723,2933,736,2929,749,2929,758,2931,762,2935,764,2935,768,2938,771,2938,777,2942,779,2940,781,2940,783,2938,786,2938,788,2936,799,2935,805,2935,814,2936,822,2938,823,2940,825,2938,827,2938,835,2931,842,2929,846,2929,848,2927,857,2925,861,2925,861,2924,864,2922,864,2918,870,2909,877,2903,879,2903,881,2901,883,2898,887,2894,894,2889,898,2885,900,2881,901,2874,907,2865,911,2854,909,2848,907,2846,905,2837,905,2828,907,2819,909,2817,909,2815,911,2811,911,2808,913,2806,913,2799,911,2797,909,2789,898,2778,896,2778,894,2776,892,2776,885,2773,855,2773,846,2771,833,2771,823,2769,822,2769,812,2767,810,2767,801,2765,796,2765,786,2764,777,2758,771,2756,762,2751,756,2751,751,2753,742,2753,736,2754,732,2754,723,2756,712,2754,708,2751,704,2751,695,2745,691,2740,688,2738,684,2734,680,2732,675,2725,673,2719,671,2718,669,2712,665,2708,664,2697,664,2683,665,2673,673,2664,682,2655,684,2655,686,2653,688,2653,690,2651,712,2648,716,2648,725,2646,734,2646,738,2642,749,2639,760,2637,777,2637,784,2639,792,2637,803,2639,816,2639,825,2640,827,2640,836,2642,838,2642,848,2644,849,2644,855,2646,857,2648,861,2648,0.5562943096612775
636,2598,636,2600,634,2607,632,2611,625,2618,617,2622,610,2622,602,2620,597,2616,597,2615,595,2613,591,2605,589,2604,587,2594,587,2530,589,2523,591,2519,597,2514,604,2510,608,2510,615,2508,623,2508,628,2512,630,2514,630,2515,634,2519,638,2526,638,2534,639,2537,639,2543,638,2550,638,2593,0.6181665925383568
392,2286,388,2287,387,2287,383,2286,379,2282,377,2278,377,2269,379,2265,383,2262,383,2260,387,2258,388,2258,392,2260,394,2263,394,2265,396,2267,398,2271,398,2276,394,2284,0.4212416429468926
1297,2297,1299,2300,1299,2302,1301,2306,1301,2315,1299,2320,1299,2350,1301,2354,1301,2359,1299,2366,1299,2497,1297,2502,1297,2508,1299,2512,1299,2539,1297,2547,1297,2567,1296,2572,1296,2593,1297,2596,1297,2609,1296,2615,1296,2633,1297,2637,1297,2646,1296,2651,1296,2734,1294,2742,1294,2758,1296,2762,1296,2769,1294,2773,1294,2786,1292,2791,1292,2802,1294,2806,1294,2817,1296,2821,1296,2830,1294,2837,1294,2874,1292,2881,1292,2916,1290,2920,1290,2940,1288,2946,1290,2947,1290,2977,1288,2984,1288,3038,1286,3045,1284,3049,1281,3052,1273,3056,1260,3056,1253,3054,1247,3049,1245,3041,1245,3030,1247,3023,1247,2962,1245,2958,1245,2924,1247,2916,1247,2878,1245,2874,1245,2867,1247,2863,1247,2846,1249,2843,1249,2824,1251,2821,1249,2819,1249,2791,1247,2787,1247,2780,1249,2778,1247,2775,1247,2765,1249,2758,1249,2736,1251,2729,1251,2725,1253,2718,1253,2710,1251,2707,1251,2675,1249,2672,1249,2593,1251,2585,1251,2567,1253,2563,1253,2508,1255,2501,1255,2447,1253,2444,1253,2387,1255,2379,1255,2350,1253,2346,1253,2339,1255,2335,1253,2333,1253,2330,1251,2326,1251,2324,1247,2322,1245,2322,1242,2320,1240,2319,1234,2317,1225,2308,1223,2300,1223,2295,1225,2287,1225,2286,1223,2278,1223,2271,1225,2263,1227,2260,1234,2252,1242,2251,1247,2251,1255,2252,1262,2249,1264,2249,1275,2243,1282,2243,1290,2247,1292,2249,1292,2251,1294,2252,1297,2260,1297,2267,1299,2271,1299,2289,0.6434782739798572
1385,2282,1385,2326,1387,2330,1387,2339,1385,2343,1385,2376,1383,2379,1385,2383,1385,2385,1383,2388,1383,2447,1381,2451,1381,2466,1383,2468,1383,2480,1381,2482,1381,2514,1379,2517,1379,2530,1377,2532,1377,2550,1375,2554,1377,2556,1377,2558,1379,2559,1379,2565,1381,2567,1381,2572,1379,2576,1379,2580,1377,2583,1377,2730,1375,2734,1375,2738,1377,2742,1377,2747,1375,2749,1375,2786,1374,2789,1374,2808,1372,2811,1372,2822,1374,2824,1374,2832,1372,2835,1374,2837,1374,2843,1372,2844,1372,2856,1374,2857,1374,2861,1372,2865,1370,2870,1366,2876,1362,2876,1355,2879,1353,2879,1349,2878,1344,2876,1338,2872,1338,2865,1336,2863,1336,2854,1338,2852,1338,2758,1340,2756,1340,2738,1342,2736,1342,2710,1344,2708,1344,2694,1342,2690,1342,2685,1344,2683,1344,2672,1342,2668,1342,2651,1344,2650,1342,2646,1342,2644,1344,2642,1342,2639,1342,2618,1346,2613,1344,2609,1344,2607,1346,2605,1344,2602,1344,2600,1346,2598,1344,2594,1344,2591,1342,2587,1342,2585,1344,2583,1342,2582,1342,2578,1344,2576,1342,2574,1342,2571,1344,2569,1344,2563,1348,2556,1349,2554,1348,2550,1348,2548,1349,2547,1348,2543,1348,2537,1346,2534,1346,2532,1344,2528,1344,2526,1346,2525,1346,2523,1342,2515,1342,2508,1344,2506,1344,2497,1346,2495,1344,2491,1344,2486,1346,2484,1346,2451,1344,2447,1344,2444,1346,2442,1344,2440,1344,2438,1346,2436,1346,2429,1344,2425,1344,2423,1346,2422,1346,2401,1348,2400,1346,2396,1346,2392,1348,2390,1348,2379,1349,2377,1348,2374,1348,2370,1349,2368,1348,2366,1348,2365,1349,2363,1349,2265,1351,2260,1351,2254,1353,2251,1353,2236,1357,2232,1357,2229,1359,2223,1362,2217,1374,2217,1379,2219,1385,2223,1385,2229,1388,2230,1388,2238,1387,2240,1388,2243,1388,2249,1387,2252,1387,2256,1385,2260,1385,2267,1387,2269,1387,2278,0.6258606756915477
835,2295,835,2337,836,2339,836,2374,835,2379,835,2420,836,2422,836,2444,838,2445,838,2455,836,2460,836,2462,835,2468,835,2491,833,2497,831,2506,829,2508,829,2510,827,2512,827,2514,823,2519,820,2523,812,2528,796,2528,786,2526,781,2523,779,2519,775,2517,773,2515,768,2508,768,2504,766,2502,766,2486,768,2477,768,2414,770,2407,770,2394,771,2385,771,2381,770,2379,770,2309,771,2300,770,2298,770,2282,771,2278,770,2276,770,2260,771,2251,771,2241,773,2232,775,2225,777,2221,777,2219,781,2214,783,2212,790,2206,809,2206,818,2208,823,2212,825,2214,831,2221,831,2223,833,2225,833,2227,835,2229,835,2249,836,2251,836,2289,0.7265619993125613
1474,2331,1474,2352,1472,2355,1472,2368,1470,2374,1470,2440,1468,2445,1468,2466,1470,2471,1470,2477,1468,2480,1468,2514,1465,2523,1463,2525,1459,2526,1450,2530,1444,2530,1435,2526,1431,2523,1427,2514,1427,2508,1429,2504,1429,2497,1431,2491,1431,2473,1429,2469,1429,2468,1431,2466,1429,2462,1429,2460,1431,2458,1429,2455,1429,2401,1431,2400,1429,2396,1429,2394,1431,2392,1429,2388,1429,2387,1431,2381,1431,2365,1433,2363,1431,2359,1431,2357,1433,2355,1431,2352,1431,2350,1433,2348,1431,2344,1431,2295,1433,2289,1433,2263,1435,2258,1435,2256,1437,2252,1435,2249,1435,2245,1437,2241,1437,2229,1439,2223,1439,2219,1442,2214,1448,2210,1452,2208,1459,2208,1465,2210,1470,2216,1472,2221,1472,2223,1474,2229,1474,2240,1476,2243,1476,2249,1474,2252,1474,2300,1472,2306,1472,2308,1474,2311,1474,2315,1472,2319,1472,2326,0.6469805128044552
1329,2175,1331,2175,1335,2173,1336,2173,1342,2175,1348,2181,1349,2186,1349,2199,1348,2205,1342,2210,1336,2212,1331,2212,1325,2214,1323,2214,1318,2212,1310,2212,1309,2214,1299,2217,1290,2217,1284,2219,1282,2219,1277,2217,1268,2214,1264,2210,1260,2201,1260,2192,1262,2186,1262,2184,1266,2175,1271,2170,1281,2166,1297,2166,1307,2170,1310,2173,1318,2172,1322,2173,1325,2173,0.563116883478498
1463,2225,1452,2225,1444,2223,1442,2219,1437,2217,1431,2212,1429,2208,1427,2206,1426,2199,1426,2192,1427,2184,1429,2183,1431,2177,1437,2172,1440,2170,1442,2166,1457,2159,1465,2159,1472,2160,1478,2166,1480,2173,1480,2175,1481,2177,1485,2183,1487,2186,1487,2199,1485,2205,1483,2212,1480,2214,1478,2216,1467,2223,0.671451059696467
1405,2188,1405,2199,1401,2205,1398,2208,1398,2210,1394,2216,1388,2219,1385,2221,1362,2221,1355,2219,1353,2216,1346,2208,1342,2203,1340,2199,1340,2190,1342,2183,1346,2177,1351,2173,1353,2172,1355,2166,1361,2162,1368,2159,1375,2159,1383,2160,1383,2162,1390,2164,1392,2168,1394,2170,1401,2181,0.6449192585199559
429,2118,428,2122,428,2157,429,2159,429,2160,428,2164,428,2205,426,2208,424,2208,426,2210,428,2214,428,2219,429,2221,429,2227,428,2230,422,2236,418,2238,416,2238,413,2236,411,2232,407,2230,405,2227,405,2223,407,2219,407,2217,409,2214,411,2212,411,2208,407,2205,405,2201,405,2199,407,2195,409,2194,409,2192,411,2190,411,2186,409,2183,409,2179,407,2175,407,2172,411,2172,409,2170,405,2162,405,2157,407,2155,405,2153,405,2151,407,2148,407,2133,409,2129,411,2127,411,2115,413,2113,411,2111,413,2107,416,2105,422,2105,426,2107,428,2111,428,2116,0.42377019924851805
1489,2111,1489,2129,1485,2137,1485,2157,1483,2162,1483,2164,1481,2172,1480,2175,1474,2181,1467,2183,1450,2183,1442,2181,1437,2175,1435,2170,1435,2149,1433,2146,1433,2142,1431,2138,1431,2133,1427,2129,1426,2122,1426,2115,1427,2107,1433,2102,1431,2102,1439,2094,1439,2092,1442,2089,1450,2085,1468,2085,1476,2089,1478,2091,1481,2098,1481,2100,1485,2103,0.6451388979709246
426,2059,426,2061,429,2063,431,2067,431,2070,429,2074,428,2076,428,2080,426,2083,429,2087,431,2091,431,2092,429,2096,428,2098,428,2100,426,2103,422,2105,416,2105,413,2103,411,2100,411,2072,409,2069,411,2065,413,2063,413,2061,414,2059,418,2058,422,2058,0.422488241132937
392,2035,396,2039,396,2041,398,2041,401,2043,400,2046,392,2054,387,2054,383,2052,383,2041,385,2037,387,2037,388,2034,0.4000161470788898
428,2061,422,2063,420,2063,414,2061,411,2059,411,2058,405,2052,403,2046,403,2045,407,2034,411,2034,413,2030,418,2028,422,2028,428,2030,429,2032,431,2032,433,2037,433,2039,435,2045,435,2046,431,2058,0.5302667860631589
1403,2102,1407,2109,1407,2126,1405,2133,1403,2135,1401,2138,1401,2157,1400,2162,1400,2168,1398,2175,1394,2181,1383,2184,1366,2184,1359,2183,1353,2179,1349,2172,1349,2170,1348,2166,1348,2142,1346,2138,1346,2135,1344,2131,1344,2116,1346,2109,1349,2098,1348,2094,1348,2069,1346,2065,1346,2045,1348,2037,1349,2032,1351,2030,1351,2028,1353,2026,1353,2024,1357,2021,1364,2017,1383,2017,1390,2019,1396,2021,1398,2023,1403,2024,1405,2026,1405,2028,1407,2030,1411,2037,1411,2048,1409,2054,1409,2056,1407,2061,1407,2063,1405,2070,1403,2074,1403,2083,1401,2091,1401,2100,0.6301194048607287
1444,2083,1444,2080,1442,2078,1442,2074,1439,2072,1439,2067,1431,2063,1426,2059,1422,2056,1418,2048,1418,2045,1420,2039,1424,2034,1429,2034,1433,2030,1440,2026,1442,2026,1444,2024,1452,2021,1457,2017,1463,2017,1465,2019,1472,2023,1476,2026,1480,2028,1481,2030,1485,2037,1485,2052,1483,2056,1483,2061,1481,2067,1478,2072,1476,2072,1474,2076,1474,2080,1476,2083,1476,2089,1474,2091,1474,2094,1472,2100,1468,2105,1454,2105,1448,2103,1442,2100,1442,2085,0.5883928360916796
422,1999,426,2001,426,2002,429,2006,431,2010,431,2013,429,2017,428,2019,426,2023,422,2024,416,2024,413,2023,411,2019,409,2017,407,2013,407,2012,409,2008,413,2004,413,2002,420,1999,0.44100636119643843
1446,2001,1446,1999,1444,1999,1439,1993,1437,1989,1433,1988,1429,1984,1427,1977,1426,1973,1426,1966,1429,1960,1435,1955,1444,1951,1446,1951,1450,1949,1467,1949,1470,1951,1474,1951,1478,1953,1483,1953,1489,1956,1493,1960,1496,1969,1496,1977,1493,1984,1491,1991,1487,1995,1485,1995,1483,1997,1481,1997,1480,1999,1478,1999,1478,2001,1472,2004,1463,2008,1461,2008,1450,2004,0.6481490469397828
1561,1949,1563,1949,1576,1962,1576,1964,1578,1966,1578,1997,1576,2004,1576,2028,1578,2030,1578,2059,1576,2065,1576,2094,1574,2100,1574,2109,1576,2111,1576,2144,1574,2149,1574,2197,1572,2203,1572,2212,1571,2214,1569,2217,1571,2221,1571,2225,1569,2230,1569,2240,1567,2247,1567,2256,1565,2263,1563,2265,1563,2359,1561,2361,1561,2372,1559,2379,1558,2381,1558,2387,1559,2388,1559,2396,1556,2401,1554,2407,1548,2412,1545,2414,1539,2420,1532,2420,1524,2418,1519,2412,1515,2403,1513,2401,1513,2396,1511,2394,1511,2387,1513,2383,1513,2379,1511,2377,1511,2311,1513,2304,1513,2291,1515,2284,1515,2280,1517,2273,1517,2269,1519,2262,1519,2243,1520,2236,1520,2219,1522,2217,1517,2212,1517,2210,1513,2206,1513,2192,1515,2184,1519,2181,1519,2138,1517,2137,1517,2116,1519,2109,1522,2105,1522,2102,1520,2100,1520,2092,1519,2091,1519,2061,1517,2059,1517,2037,1519,2030,1522,2026,1522,2013,1520,2012,1520,2001,1519,1999,1519,1991,1517,1989,1517,1984,1513,1977,1513,1964,1524,1953,1526,1953,1533,1945,1535,1945,1537,1944,1545,1944,1559,1947,0.6647194248986815
1344,1947,1359,1947,1362,1945,1383,1945,1398,1949,1401,1951,1405,1955,1409,1956,1411,1958,1414,1966,1414,1973,1413,1977,1411,1984,1401,1993,1398,1995,1394,1999,1390,2001,1388,2004,1377,2010,1372,2010,1364,2008,1357,2004,1349,1997,1348,1997,1344,1995,1309,1995,1305,1997,1284,1997,1273,1991,1268,1986,1266,1980,1266,1967,1268,1960,1269,1956,1271,1955,1271,1953,1275,1949,1286,1944,1312,1944,1316,1945,1336,1945,0.6044164208492431
428,1898,429,1899,433,1901,435,1905,435,1907,433,1910,435,1912,435,1925,433,1929,431,1931,431,1932,429,1936,428,1938,428,1953,429,1955,431,1958,431,1967,429,1971,428,1973,428,1977,426,1980,422,1982,416,1982,413,1980,411,1977,411,1971,409,1967,409,1964,411,1960,411,1934,413,1931,414,1931,414,1905,416,1901,420,1899,420,1898,424,1896,0.41153009826003917
396,1872,400,1875,400,1881,398,1883,398,1885,396,1887,396,1888,394,1890,387,1890,383,1888,383,1885,381,1883,381,1875,383,1874,383,1864,385,1863,392,1863,396,1866,0.44250161976230384
1779,1898,1777,1903,1779,1905,1777,1910,1779,1912,1777,1918,1777,1925,1775,1931,1775,1934,1779,1942,1782,1951,1782,1960,1784,1966,1782,1971,1782,1977,1781,1986,1779,1988,1777,1997,1773,2002,1773,2004,1766,2015,1762,2019,1753,2024,1751,2026,1742,2032,1730,2037,1719,2041,1717,2041,1708,2039,1704,2037,1695,2032,1690,2028,1686,2024,1680,2015,1678,2010,1675,2001,1675,1960,1677,1953,1677,1942,1678,1932,1680,1929,1678,1925,1678,1912,1680,1903,1684,1898,1684,1888,1686,1879,1686,1872,1688,1864,1688,1861,1690,1852,1693,1846,1693,1844,1699,1835,1703,1833,1703,1831,1712,1824,1716,1822,1721,1818,1730,1817,1740,1817,1751,1820,1762,1828,1766,1831,1771,1841,1779,1863,0.6765265161579294
392,1831,401,1841,403,1844,401,1848,401,1850,400,1853,398,1855,396,1859,392,1861,390,1861,387,1863,383,1861,381,1857,381,1855,379,1853,377,1850,377,1846,379,1842,381,1842,381,1837,383,1833,385,1831,388,1830,0.4777881397650792
413,1887,413,1879,414,1875,414,1874,416,1870,418,1868,418,1855,416,1852,416,1844,414,1841,416,1837,420,1833,420,1831,422,1828,426,1826,429,1826,433,1828,435,1831,435,1888,433,1892,429,1896,426,1898,424,1898,416,1894,0.4475017636111288
392,1830,390,1831,388,1830,387,1830,383,1828,379,1822,379,1817,377,1815,377,1813,379,1811,379,1804,388,1795,392,1795,396,1796,398,1800,400,1800,401,1804,403,1804,407,1806,411,1811,409,1815,394,1830,0.48872579525156723
1251,1780,1249,1780,1243,1778,1242,1776,1240,1771,1240,1769,1243,1758,1245,1756,1251,1754,1262,1754,1268,1756,1277,1756,1281,1758,1284,1756,1290,1758,1296,1758,1301,1760,1303,1761,1305,1761,1307,1763,1309,1769,1309,1771,1307,1776,1305,1778,1303,1778,1297,1780,1282,1780,1277,1782,1271,1782,1266,1784,1264,1784,1258,1782,1256,1782,0.42745707510562425
1074,1747,1091,1747,1095,1745,1117,1745,1121,1747,1147,1747,1154,1750,1158,1754,1162,1761,1162,1769,1158,1776,1156,1778,1149,1782,1063,1782,1059,1780,1054,1778,1048,1774,1048,1761,1050,1756,1054,1750,1056,1750,1058,1749,1063,1745,1072,1745,0.5988553755077315
978,1763,978,1761,980,1756,981,1754,981,1752,985,1752,991,1745,996,1743,1004,1743,1009,1745,1011,1747,1013,1747,1019,1749,1020,1750,1022,1756,1020,1761,1019,1763,1019,1765,1017,1767,1015,1767,1013,1769,1011,1769,1011,1771,1006,1773,1004,1773,998,1774,993,1774,987,1773,980,1769,0.44314308243769185
1760,1750,1753,1752,1751,1754,1753,1758,1753,1763,1749,1771,1749,1778,1747,1782,1749,1785,1749,1787,1751,1791,1751,1802,1753,1806,1753,1815,1751,1818,1753,1820,1753,1826,1749,1831,1747,1835,1743,1841,1727,1841,1721,1839,1716,1835,1716,1828,1717,1826,1714,1818,1714,1809,1716,1807,1716,1796,1714,1793,1714,1776,1712,1773,1712,1771,1710,1767,1710,1763,1712,1761,1710,1760,1710,1758,1714,1750,1708,1747,1708,1741,1706,1739,1706,1732,1708,1728,1710,1723,1714,1717,1719,1717,1723,1716,1725,1716,1729,1714,1730,1714,1732,1716,1734,1714,1742,1714,1745,1716,1747,1716,1751,1717,1753,1717,1758,1719,1764,1723,1764,1730,1766,1732,1766,1734,1764,1738,1764,1745,0.460355356970272
1097,1708,1110,1708,1119,1710,1195,1710,1204,1712,1219,1712,1229,1710,1281,1710,1286,1712,1296,1712,1301,1714,1305,1716,1309,1719,1310,1728,1310,1730,1309,1739,1305,1743,1296,1745,1271,1745,1262,1743,1253,1743,1243,1745,1232,1745,1223,1747,1182,1747,1177,1745,1173,1743,1145,1743,1136,1745,1119,1745,1110,1747,1100,1747,1091,1745,1087,1745,1080,1743,1072,1745,1071,1745,1061,1743,1046,1743,1041,1741,1035,1743,1033,1743,1024,1741,1022,1741,1013,1743,996,1743,987,1741,983,1738,981,1738,978,1734,976,1725,976,1717,978,1712,981,1706,983,1706,993,1704,1030,1704,1039,1706,1050,1706,1059,1708,1063,1708,1071,1706,1087,1706,0.5701295566948527
439,1727,439,1741,441,1743,441,1752,439,1756,439,1773,441,1774,439,1778,441,1780,441,1785,439,1787,439,1802,441,1804,439,1807,441,1809,441,1815,439,1817,439,1826,437,1831,429,1835,428,1835,422,1831,414,1824,411,1818,411,1809,414,1804,414,1796,411,1791,411,1787,409,1785,411,1782,411,1769,413,1765,411,1763,411,1758,409,1756,409,1750,411,1749,411,1738,413,1736,413,1734,411,1734,407,1727,405,1727,401,1719,401,1714,405,1708,413,1701,418,1697,429,1697,435,1699,437,1704,441,1708,439,1712,441,1714,441,1723,0.4919668799915979
405,1706,405,1708,407,1708,409,1712,409,1714,411,1716,409,1719,401,1727,400,1730,398,1732,398,1734,400,1736,398,1739,398,1758,396,1761,392,1763,390,1763,387,1761,385,1758,385,1738,383,1734,383,1730,381,1727,381,1710,383,1706,385,1704,385,1703,388,1701,388,1699,392,1697,403,1703,0.44734459879587024
1243,1708,1240,1710,1219,1710,1212,1706,1180,1706,1169,1701,1167,1699,1164,1692,1164,1686,1167,1679,1169,1677,1180,1671,1191,1671,1195,1673,1199,1673,1203,1671,1232,1671,1236,1673,1269,1673,1273,1675,1275,1675,1279,1673,1284,1673,1288,1671,1292,1671,1296,1673,1299,1673,1305,1675,1310,1681,1310,1699,1309,1704,1303,1710,1299,1710,1296,1712,1292,1712,1288,1710,1286,1710,1281,1708,1279,1706,1277,1708,1269,1710,1245,1710,0.4607763764267511
1017,1670,1032,1673,1050,1673,1056,1671,1084,1671,1087,1673,1115,1673,1123,1671,1132,1671,1139,1673,1145,1679,1145,1686,1141,1690,1136,1692,1130,1697,1115,1701,1098,1701,1091,1703,1085,1703,1078,1704,1072,1704,1065,1706,1063,1706,1056,1704,1048,1704,1041,1703,1026,1703,1019,1701,1006,1701,998,1703,996,1703,989,1701,985,1699,981,1695,981,1692,980,1686,980,1682,981,1675,989,1668,996,1666,998,1666,1013,1670,0.573544369414314
377,1690,377,1673,381,1664,385,1660,394,1657,426,1657,435,1660,437,1662,439,1666,442,1670,444,1677,444,1681,446,1684,446,1686,444,1690,442,1697,439,1701,431,1703,426,1704,418,1704,413,1703,405,1703,396,1706,394,1706,387,1704,379,1697,0.5039810056703679
413,1636,414,1636,416,1635,426,1635,428,1636,429,1636,435,1638,439,1646,439,1647,441,1649,441,1653,437,1659,435,1660,429,1664,426,1666,424,1666,420,1664,392,1664,388,1662,387,1662,381,1660,377,1653,377,1646,379,1640,387,1636,388,1636,390,1635,411,1635,0.5445983955046025
1050,1636,1058,1636,1065,1638,1093,1638,1100,1636,1204,1636,1212,1635,1230,1635,1234,1636,1236,1638,1258,1638,1262,1640,1269,1642,1273,1646,1279,1647,1281,1649,1282,1655,1282,1660,1279,1666,1273,1666,1271,1668,1264,1670,1256,1670,1242,1666,1236,1668,1216,1668,1208,1666,1199,1666,1191,1668,1173,1668,1165,1666,1076,1666,1069,1668,1067,1668,1059,1666,1039,1666,1032,1664,1028,1664,1022,1662,1015,1664,1009,1664,1002,1666,993,1666,985,1664,983,1664,980,1659,980,1635,981,1631,983,1629,985,1629,987,1627,993,1625,998,1625,1002,1627,1004,1629,1006,1629,1007,1631,1009,1631,1011,1633,1013,1633,1015,1635,1043,1635,0.4896472916213429
985,1618,983,1614,983,1607,985,1603,989,1600,996,1596,998,1596,1002,1598,1002,1600,1006,1600,1009,1602,1011,1603,1013,1607,1013,1613,1011,1616,1009,1618,1006,1620,1000,1620,996,1622,993,1620,989,1620,0.5273634484712628
1208,1563,1212,1561,1221,1561,1225,1563,1269,1563,1273,1565,1279,1565,1282,1563,1290,1563,1294,1561,1297,1561,1299,1559,1305,1561,1309,1563,1312,1567,1316,1574,1316,1585,1312,1592,1309,1596,1301,1600,1297,1600,1292,1598,1290,1596,1268,1596,1264,1598,1227,1598,1223,1596,1197,1596,1193,1598,1178,1598,1175,1596,1169,1594,1165,1589,1164,1585,1164,1578,1167,1570,1169,1565,1175,1561,1178,1559,1191,1559,1199,1563,0.5541648947052147
993,1594,987,1590,983,1587,980,1581,980,1570,983,1565,985,1561,989,1557,994,1554,998,1554,1004,1557,1006,1557,1011,1559,1015,1567,1015,1570,1017,1572,1017,1576,1015,1578,1015,1579,1011,1585,1009,1587,998,1594,0.4587273677742039
1310,1550,1309,1552,1309,1554,1297,1557,1290,1557,1284,1556,1281,1554,1277,1550,1275,1550,1264,1554,1256,1554,1251,1552,1234,1552,1229,1554,1227,1554,1221,1552,1182,1552,1177,1550,1167,1550,1165,1552,1162,1554,1156,1556,1138,1556,1132,1554,1125,1550,1123,1545,1125,1541,1130,1537,1147,1537,1152,1535,1154,1532,1160,1528,1175,1528,1180,1526,1186,1528,1204,1528,1210,1526,1229,1526,1234,1528,1240,1528,1245,1530,1247,1530,1251,1532,1251,1530,1256,1528,1273,1528,1279,1526,1286,1526,1292,1524,1301,1524,1307,1526,1310,1530,1312,1535,1312,1545,0.4304633300357493
1013,1517,1015,1524,1020,1524,1022,1532,1022,1541,1015,1543,1013,1543,1013,1546,1009,1548,1007,1552,1002,1557,998,1559,993,1559,989,1556,987,1556,985,1550,983,1548,981,1543,981,1528,983,1522,985,1521,985,1517,996,1513,998,1513,1009,1517,0.46278513763465134
1309,1499,1310,1502,1310,1506,1309,1510,1301,1513,1299,1513,1296,1515,1286,1515,1282,1513,1269,1513,1266,1515,1264,1515,1260,1513,1238,1513,1234,1515,1232,1515,1229,1517,1210,1517,1206,1515,1201,1515,1193,1511,1191,1508,1193,1504,1197,1502,1204,1502,1208,1500,1208,1499,1212,1497,1230,1497,1234,1499,1236,1499,1240,1500,1242,1499,1243,1499,1251,1502,1251,1499,1253,1495,1256,1493,1258,1493,1262,1491,1266,1491,1269,1493,1275,1493,1279,1491,1281,1491,1282,1493,1284,1491,1294,1491,1297,1493,1299,1493,1307,1497,0.41131637584079395
1164,1489,1165,1491,1167,1497,1167,1500,1165,1506,1164,1508,1162,1508,1156,1510,1151,1510,1145,1511,1139,1510,1110,1510,1104,1508,1100,1508,1095,1510,1085,1510,1080,1508,1063,1508,1058,1506,1054,1508,1050,1508,1048,1510,1043,1511,1030,1511,1024,1510,1020,1510,1015,1508,1011,1508,1000,1511,993,1511,987,1510,983,1506,981,1500,981,1497,983,1495,985,1491,985,1489,987,1484,993,1482,1006,1482,1011,1484,1022,1484,1028,1482,1032,1482,1037,1484,1039,1484,1045,1486,1046,1486,1052,1488,1054,1488,1058,1489,1059,1488,1063,1488,1063,1486,1069,1484,1113,1484,1119,1486,1132,1486,1138,1484,1152,1484,1164,1488,0.45022779566960924
1286,1451,1292,1449,1301,1451,1307,1453,1310,1460,1310,1469,1309,1475,1303,1478,1301,1478,1297,1480,1284,1480,1279,1478,1273,1480,1249,1480,1243,1478,1236,1480,1182,1480,1177,1478,1173,1473,1173,1462,1175,1454,1180,1449,1186,1447,1195,1449,1240,1449,1247,1447,1262,1447,1277,1451,0.4262332965309421
1030,1447,1104,1447,1112,1445,1117,1445,1125,1447,1126,1449,1128,1449,1132,1456,1132,1458,1130,1465,1128,1467,1128,1469,1123,1475,1117,1476,1072,1476,1063,1475,1058,1475,1050,1476,1048,1476,1043,1478,1035,1478,1026,1476,1015,1476,1007,1478,1006,1478,998,1480,996,1480,989,1478,987,1476,983,1469,983,1456,985,1449,987,1447,994,1445,1006,1445,1013,1447,1015,1449,1022,1449,0.5010335077696901
2006,1510,2002,1517,2002,1521,1996,1533,1989,1546,1981,1552,1981,1624,1983,1629,1985,1631,1991,1644,1991,1649,1993,1655,1994,1671,1994,1697,1993,1706,1993,1714,1991,1725,1991,1730,1989,1739,1989,1741,1987,1756,1985,1760,1983,1769,1981,1773,1981,1793,1983,1798,1985,1809,1985,1837,1987,1842,1989,1859,1989,1866,1991,1872,1993,1883,1993,1885,1994,1901,1994,1903,1993,1912,1993,1932,1991,1942,1991,1955,1989,1969,1987,1973,1987,1982,1981,2010,1981,2050,1983,2065,1981,2074,1981,2091,1987,2103,1989,2120,1989,2129,1991,2142,1991,2181,1989,2195,1983,2208,1974,2221,1966,2229,1963,2230,1963,2232,1952,2240,1937,2247,1922,2249,1913,2251,1911,2251,1894,2252,1881,2252,1864,2254,1851,2254,1836,2252,1823,2247,1810,2240,1803,2229,1801,2227,1796,2219,1790,2206,1790,2205,1788,2201,1786,2184,1786,2127,1788,2113,1788,2111,1790,2098,1794,2085,1794,2059,1796,2045,1797,2039,1801,2026,1799,2023,1799,2019,1797,2015,1797,2012,1796,2008,1794,1995,1790,1988,1788,1973,1788,1958,1786,1947,1786,1944,1784,1934,1784,1929,1786,1916,1786,1883,1788,1868,1794,1855,1797,1848,1797,1842,1796,1833,1796,1831,1797,1817,1801,1807,1801,1795,1803,1780,1805,1776,1803,1773,1801,1756,1801,1741,1799,1732,1799,1730,1797,1721,1797,1712,1799,1699,1799,1686,1801,1673,1801,1659,1803,1644,1809,1631,1810,1627,1810,1624,1816,1611,1816,1609,1814,1605,1814,1603,1810,1596,1809,1579,1809,1548,1810,1539,1803,1524,1803,1522,1796,1508,1794,1491,1794,1431,1796,1416,1801,1403,1803,1399,1812,1386,1816,1379,1827,1372,1842,1364,1846,1364,1849,1362,1853,1362,1857,1361,1874,1359,1924,1359,1939,1361,1940,1361,1950,1362,1952,1362,1961,1364,1974,1370,1987,1377,1994,1388,1994,1390,1998,1396,2006,1410,2007,1427,2007,1495,0.7092499933837227
1085,1405,1093,1412,1093,1414,1098,1419,1102,1429,1102,1431,1098,1440,1097,1442,1093,1443,1084,1447,1071,1447,1065,1445,1063,1445,1058,1443,1030,1443,1020,1440,1019,1440,1017,1438,1015,1440,1006,1443,996,1443,987,1440,983,1436,980,1427,980,1418,983,1408,985,1407,994,1403,1024,1403,1028,1401,1043,1401,1046,1403,1080,1403,0.5112738804074756
1277,1375,1281,1377,1284,1375,1294,1375,1299,1374,1305,1374,1309,1375,1310,1377,1312,1377,1314,1379,1314,1381,1316,1383,1318,1388,1318,1394,1316,1397,1314,1399,1314,1401,1310,1405,1303,1407,1294,1407,1286,1405,1282,1405,1275,1403,1264,1403,1256,1401,1255,1401,1240,1405,1219,1405,1212,1403,1206,1407,1175,1407,1167,1405,1165,1403,1160,1405,1149,1405,1141,1403,1138,1399,1138,1397,1136,1397,1132,1392,1132,1379,1138,1375,1139,1375,1147,1374,1203,1374,1210,1375,1217,1375,1223,1374,1269,1374,0.46907826675021125
989,1377,996,1374,998,1374,1004,1375,1007,1375,1009,1379,1011,1381,1015,1381,1020,1377,1022,1377,1022,1375,1030,1372,1043,1372,1045,1374,1048,1372,1069,1372,1071,1370,1082,1370,1084,1368,1087,1370,1091,1370,1093,1368,1097,1368,1102,1372,1104,1374,1108,1379,1108,1381,1106,1386,1098,1390,1097,1392,1095,1396,1087,1399,1085,1399,1082,1401,1065,1401,1061,1403,1054,1403,1050,1405,1046,1405,1043,1407,1030,1407,1026,1405,1007,1405,1004,1407,994,1407,989,1403,987,1401,983,1396,983,1394,987,1388,987,1383,0.5031933182522321
1269,1366,1253,1366,1247,1364,1245,1364,1243,1366,1242,1366,1236,1368,1234,1368,1229,1366,1227,1366,1221,1364,1219,1364,1214,1362,1212,1362,1206,1361,1201,1362,1184,1362,1173,1359,1169,1357,1167,1351,1167,1350,1169,1344,1173,1340,1184,1337,1191,1337,1197,1335,1199,1335,1204,1337,1210,1337,1216,1339,1216,1340,1217,1340,1223,1342,1225,1342,1229,1344,1232,1342,1236,1342,1236,1344,1243,1344,1249,1342,1251,1342,1256,1340,1264,1340,1269,1339,1303,1339,1309,1340,1309,1342,1310,1344,1312,1350,1312,1351,1310,1357,1309,1359,1309,1361,1303,1362,1297,1362,1292,1364,1275,1364,0.4480249745566309
1125,1357,1123,1359,1117,1362,1110,1362,1106,1364,1100,1364,1097,1366,1056,1366,1054,1364,1050,1366,1035,1366,1033,1368,1030,1366,1026,1366,1022,1364,1020,1364,1015,1362,1013,1357,1013,1351,1017,1348,1019,1342,1026,1339,1028,1339,1030,1337,1039,1337,1041,1335,1043,1335,1048,1333,1076,1333,1082,1337,1084,1339,1087,1339,1089,1340,1091,1340,1093,1342,1097,1342,1098,1340,1110,1340,1113,1337,1117,1339,1121,1339,1126,1340,1128,1346,1128,1351,0.44668279798591837
1225,1305,1229,1304,1232,1305,1240,1305,1243,1307,1245,1305,1247,1305,1251,1307,1255,1305,1258,1307,1282,1307,1286,1305,1292,1305,1296,1304,1305,1304,1309,1305,1310,1309,1310,1311,1312,1313,1312,1315,1310,1318,1310,1320,1309,1324,1301,1328,1292,1328,1288,1326,1282,1326,1279,1324,1277,1324,1273,1322,1273,1320,1269,1322,1264,1322,1260,1320,1247,1320,1243,1322,1242,1322,1240,1320,1236,1322,1227,1322,1223,1320,1221,1320,1217,1322,1214,1322,1210,1324,1203,1324,1199,1326,1184,1326,1180,1328,1158,1328,1154,1329,1152,1329,1151,1328,1147,1329,1145,1329,1141,1328,1130,1328,1126,1326,1125,1322,1125,1318,1126,1315,1130,1313,1134,1313,1138,1311,1147,1311,1151,1309,1175,1309,1178,1307,1178,1305,1180,1304,1184,1302,1199,1302,1206,1305,0.41032888615848223
1210,1263,1212,1261,1221,1261,1227,1263,1236,1263,1242,1265,1247,1265,1253,1267,1266,1267,1269,1269,1271,1267,1281,1267,1286,1265,1294,1265,1294,1263,1299,1261,1301,1261,1307,1263,1309,1265,1310,1265,1312,1267,1316,1272,1316,1280,1314,1285,1310,1289,1305,1291,1301,1291,1290,1287,1288,1287,1282,1285,1281,1285,1275,1287,1269,1287,1264,1289,1242,1289,1236,1287,1190,1287,1178,1283,1143,1283,1138,1282,1134,1280,1132,1278,1130,1278,1126,1276,1123,1271,1123,1269,1125,1265,1130,1261,1143,1261,1149,1260,1158,1260,1164,1261,1165,1261,1169,1263,1171,1265,1175,1263,1178,1265,1182,1263,1191,1263,1197,1261,1206,1261,0.40062344639051345
993,1267,998,1261,1004,1258,1009,1258,1011,1260,1050,1260,1052,1261,1054,1261,1056,1260,1061,1260,1063,1258,1072,1258,1074,1256,1076,1256,1082,1258,1084,1261,1085,1261,1089,1269,1089,1271,1087,1276,1082,1280,1080,1283,1072,1287,1071,1287,1067,1289,1026,1289,1022,1287,1011,1287,1007,1285,1004,1285,998,1283,993,1272,0.45097170726341357
1087,1248,1082,1250,1056,1250,1045,1254,1033,1254,1022,1250,1020,1248,1019,1243,1019,1239,1020,1234,1037,1228,1043,1228,1048,1230,1058,1230,1058,1228,1061,1228,1061,1226,1067,1225,1080,1225,1085,1226,1087,1228,1089,1228,1095,1230,1097,1236,1097,1237,1095,1243,1091,1247,0.4644405273166863
1216,1232,1212,1232,1210,1230,1210,1228,1212,1226,1214,1226,1216,1225,1225,1225,1227,1226,1227,1232,1225,1234,1217,1234,0.41669496769706404
1162,1179,1165,1180,1171,1180,1175,1179,1184,1179,1188,1177,1191,1177,1195,1179,1197,1177,1199,1177,1204,1179,1210,1182,1210,1184,1212,1186,1216,1193,1216,1199,1214,1204,1210,1210,1206,1210,1199,1214,1197,1217,1182,1217,1180,1215,1177,1217,1152,1217,1145,1214,1138,1206,1134,1199,1134,1195,1138,1188,1141,1184,1152,1179,0.5622064309253094
1097,1182,1100,1188,1102,1191,1102,1199,1098,1206,1095,1210,1087,1214,1080,1214,1076,1215,1071,1215,1067,1214,1043,1214,1039,1215,1037,1215,1033,1214,1022,1214,1011,1208,1007,1204,1004,1197,1004,1193,1007,1186,1009,1184,1017,1180,1022,1180,1026,1179,1030,1179,1033,1177,1043,1177,1046,1179,1050,1179,1054,1180,1091,1180,0.5193020984148368
1310,1180,1312,1182,1314,1182,1314,1184,1316,1186,1318,1191,1318,1204,1316,1210,1314,1210,1314,1212,1312,1217,1307,1219,1301,1219,1296,1217,1294,1212,1292,1212,1290,1206,1288,1203,1290,1197,1290,1191,1292,1186,1294,1186,1296,1182,1299,1182,1299,1180,1305,1179,0.41891252550672975
1305,1179,1301,1177,1297,1177,1294,1175,1290,1175,1286,1173,1279,1173,1275,1175,1247,1175,1243,1177,1232,1177,1229,1179,1221,1179,1217,1177,1203,1177,1199,1179,1197,1179,1193,1177,1184,1177,1178,1173,1177,1171,1173,1166,1173,1162,1175,1157,1178,1153,1182,1151,1188,1147,1193,1147,1195,1149,1197,1147,1199,1147,1201,1149,1217,1149,1219,1147,1221,1147,1223,1146,1232,1146,1234,1147,1290,1147,1292,1146,1310,1146,1316,1147,1320,1155,1320,1157,1322,1158,1322,1160,1320,1162,1320,1168,1318,1173,1307,1179,0.5259729086711843
1035,1155,1039,1153,1043,1155,1045,1153,1050,1153,1056,1155,1061,1155,1061,1153,1065,1153,1065,1151,1071,1149,1074,1149,1080,1147,1084,1147,1089,1149,1091,1149,1097,1151,1102,1151,1108,1149,1121,1149,1126,1151,1128,1153,1130,1153,1132,1155,1134,1155,1136,1157,1138,1157,1139,1162,1139,1164,1138,1169,1134,1173,1128,1175,1123,1175,1117,1177,1115,1177,1110,1175,1084,1175,1078,1177,1074,1177,1069,1175,1063,1175,1058,1173,1056,1173,1050,1175,1037,1175,1032,1177,1004,1177,998,1175,994,1173,993,1168,993,1162,994,1157,998,1153,998,1151,1000,1149,1006,1147,1013,1147,1019,1149,1020,1151,1022,1151,1028,1153,1032,1153,0.44465426452181955
1084,1111,1098,1111,1104,1109,1212,1109,1219,1107,1229,1107,1236,1109,1247,1109,1249,1111,1255,1109,1275,1109,1281,1111,1284,1114,1284,1127,1282,1134,1275,1142,1264,1142,1258,1140,1256,1138,1243,1138,1242,1140,1236,1142,1219,1142,1214,1140,1212,1138,1206,1136,1204,1136,1203,1140,1197,1142,1180,1142,1173,1140,1171,1138,1165,1136,1143,1136,1136,1138,1100,1138,1095,1140,1087,1142,1078,1142,1071,1140,1069,1138,1041,1138,1033,1136,1022,1136,1017,1142,1006,1142,998,1140,996,1138,994,1131,993,1125,993,1122,994,1114,996,1112,996,1111,1000,1107,1004,1107,1011,1105,1013,1105,1019,1107,1026,1107,1033,1105,1046,1105,1054,1107,1058,1107,1065,1109,1076,1109,0.462007205257906
1058,1068,1067,1068,1074,1066,1084,1066,1091,1068,1095,1068,1102,1070,1125,1070,1132,1072,1173,1072,1180,1074,1182,1074,1190,1072,1199,1072,1206,1074,1227,1074,1232,1072,1238,1072,1242,1074,1255,1074,1262,1072,1310,1072,1318,1074,1320,1076,1320,1079,1322,1081,1323,1087,1323,1092,1322,1096,1320,1098,1320,1100,1318,1101,1310,1103,1309,1103,1294,1100,1264,1100,1256,1101,1251,1101,1243,1103,1186,1103,1178,1101,1152,1101,1145,1100,1121,1100,1113,1101,1112,1101,1104,1100,1102,1100,1095,1101,1093,1101,1085,1100,1078,1100,1071,1098,1063,1098,1058,1096,1052,1098,1045,1100,1033,1100,1028,1098,1022,1100,1020,1100,1013,1101,1004,1101,998,1100,994,1096,994,1094,991,1090,991,1085,993,1079,994,1077,996,1072,1000,1068,1007,1066,1013,1066,1020,1068,1033,1068,1041,1066,1050,1066,0.5302600655159729
1039,1070,1035,1068,1026,1068,1022,1066,1020,1068,1015,1066,1009,1066,1006,1065,1004,1065,998,1063,994,1057,991,1050,991,1048,993,1046,991,1044,993,1039,994,1035,996,1033,1004,1030,1015,1030,1017,1032,1019,1030,1020,1030,1024,1032,1030,1032,1033,1030,1076,1030,1082,1032,1085,1037,1087,1043,1084,1048,1082,1048,1082,1050,1076,1054,1072,1055,1071,1055,1071,1057,1069,1063,1063,1066,1056,1070,0.5075123672105052
1323,1055,1320,1063,1316,1066,1309,1070,1277,1070,1275,1068,1273,1070,1271,1070,1268,1068,1216,1068,1214,1066,1199,1066,1195,1068,1186,1068,1182,1066,1119,1066,1112,1063,1106,1061,1100,1057,1100,1044,1102,1039,1106,1033,1119,1033,1123,1032,1128,1032,1132,1033,1154,1033,1156,1032,1162,1032,1164,1033,1268,1033,1271,1032,1275,1032,1279,1033,1282,1033,1286,1032,1290,1032,1294,1030,1301,1030,1303,1028,1312,1028,1316,1032,1318,1032,1323,1035,1323,1041,1325,1044,1325,1054,0.6455619522216978
1006,1028,1002,1028,994,1024,993,1022,989,1015,989,1009,991,1004,1000,995,1006,995,1009,993,1013,993,1015,995,1017,993,1022,993,1024,995,1030,995,1033,993,1054,993,1058,995,1112,995,1115,993,1139,993,1143,991,1173,991,1177,993,1197,993,1201,995,1268,995,1271,993,1273,993,1277,995,1307,995,1310,997,1314,997,1322,1000,1323,1002,1327,1009,1327,1011,1329,1013,1329,1015,1327,1019,1325,1024,1320,1030,1316,1030,1310,1033,1305,1033,1303,1032,1286,1032,1282,1030,1268,1030,1264,1028,1184,1028,1182,1026,1180,1028,1175,1028,1173,1026,1074,1026,1071,1028,1063,1028,1059,1030,1050,1030,1046,1032,1041,1032,1039,1030,1007,1030,0.6399076833372873
1091,958,1112,958,1115,956,1121,956,1125,958,1134,958,1136,956,1156,956,1160,954,1171,954,1175,956,1178,956,1182,954,1186,954,1190,952,1199,952,1203,954,1208,954,1212,956,1236,956,1240,958,1242,956,1243,956,1247,958,1249,956,1264,956,1271,952,1275,952,1277,954,1279,952,1281,952,1288,956,1310,956,1318,960,1320,962,1322,962,1327,967,1327,978,1325,982,1323,987,1318,993,1316,993,1312,997,1307,997,1303,995,1301,995,1297,993,1284,993,1281,995,1269,995,1266,993,1256,993,1253,991,1242,991,1240,989,1236,991,1234,991,1230,989,1171,989,1167,991,1136,991,1132,993,1108,993,1104,991,1078,991,1076,989,1074,989,1067,986,1032,986,1030,987,1024,989,1020,991,1009,991,1002,987,1000,986,996,980,993,976,993,973,991,971,991,965,996,960,1007,954,1009,954,1013,952,1015,952,1019,951,1020,951,1024,952,1026,951,1028,951,1032,952,1039,952,1043,954,1046,954,1050,956,1061,956,1065,958,1067,956,1087,956,0.563634335022414
1312,912,1314,914,1320,912,1325,916,1329,921,1327,921,1333,927,1335,934,1335,940,1331,951,1329,952,1327,956,1322,962,1314,963,1284,963,1281,965,1266,965,1258,963,1256,963,1249,962,1247,962,1243,963,1242,963,1234,962,1232,960,1225,960,1217,958,1169,958,1165,960,1156,960,1149,958,1149,956,1145,956,1139,951,1138,943,1138,936,1139,929,1149,919,1156,918,1160,916,1169,916,1173,918,1175,916,1217,916,1221,914,1238,914,1245,912,1247,914,1258,914,1262,912,1281,912,1288,914,1305,914,0.6026677990248231
1052,925,1072,925,1078,923,1087,923,1093,921,1113,921,1119,923,1121,929,1121,930,1119,936,1117,938,1115,938,1110,940,1108,941,1106,941,1104,947,1098,949,1093,949,1087,951,1078,951,1072,949,1026,949,1020,947,1019,947,1013,945,1011,945,1006,943,1004,943,998,941,998,940,996,940,991,938,987,936,974,936,968,934,968,932,965,930,963,925,965,921,968,918,974,916,976,916,981,918,987,918,993,919,1002,919,1007,921,1011,921,1017,923,1024,923,1030,925,1037,925,1043,923,1046,923,0.5835345218310485
1258,921,1255,918,1253,918,1247,912,1247,905,1249,895,1251,894,1251,892,1253,890,1255,890,1258,886,1268,884,1284,884,1288,886,1296,884,1299,884,1309,883,1310,883,1320,884,1323,888,1325,888,1327,890,1329,899,1329,903,1327,912,1325,914,1325,916,1323,918,1320,923,1318,923,1310,925,1305,925,1299,923,1268,923,0.6246812724118415
1197,888,1201,888,1204,890,1203,894,1203,895,1199,899,1188,899,1186,897,1184,897,1180,894,1180,892,1184,888,1186,888,1188,886,1195,886,0.4154276376770389
1058,918,1039,918,1032,916,1004,916,996,914,991,908,991,901,993,894,994,892,996,892,998,890,1000,890,1002,888,1009,886,1039,886,1046,884,1054,884,1061,886,1071,886,1078,884,1095,884,1102,886,1115,886,1130,883,1145,883,1152,881,1158,881,1165,883,1171,884,1175,888,1175,895,1173,901,1169,905,1164,905,1156,906,1154,906,1149,908,1147,908,1143,912,1141,912,1139,914,1132,916,1065,916,0.6606404823638486
1416,884,1416,949,1414,952,1414,954,1413,962,1409,965,1398,969,1392,969,1381,965,1377,962,1375,954,1374,951,1372,949,1372,941,1374,940,1374,890,1375,884,1375,862,1379,857,1379,853,1383,849,1385,849,1387,848,1387,846,1390,842,1398,840,1407,844,1409,846,1409,848,1413,851,1413,853,1414,855,1418,864,1418,866,1416,870,1418,872,1418,881,0.6458045907707693
1331,849,1335,859,1335,868,1331,877,1325,883,1320,884,1299,884,1294,883,1262,883,1256,881,1197,881,1191,883,1177,883,1171,884,1149,884,1138,881,1115,881,1110,879,1104,881,1080,881,1074,879,1067,879,1061,881,1030,881,1028,879,1024,881,981,881,976,883,974,883,965,879,961,875,957,866,955,864,954,857,957,849,959,848,963,846,972,842,994,842,998,844,1000,842,1002,842,1006,844,1007,842,1043,842,1046,840,1095,840,1098,842,1104,842,1108,844,1121,844,1125,846,1152,846,1156,844,1177,844,1180,842,1284,842,1288,844,1290,842,1305,842,1309,840,1312,840,1316,842,1320,842,1325,844,0.607149923614367
1504,936,1504,963,1502,965,1504,969,1504,984,1502,989,1502,1011,1500,1015,1500,1052,1498,1055,1500,1059,1500,1065,1498,1070,1498,1103,1496,1107,1498,1109,1498,1111,1496,1114,1496,1129,1498,1133,1498,1169,1496,1173,1496,1179,1498,1180,1498,1197,1496,1203,1496,1214,1498,1217,1498,1234,1496,1239,1496,1271,1494,1274,1494,1283,1493,1287,1493,1300,1491,1304,1493,1309,1493,1322,1491,1328,1491,1348,1493,1353,1493,1361,1491,1364,1491,1379,1493,1383,1493,1399,1491,1403,1491,1405,1489,1412,1483,1416,1474,1419,1470,1419,1461,1416,1457,1412,1454,1403,1452,1399,1452,1320,1454,1317,1454,1305,1455,1302,1454,1300,1454,1298,1455,1296,1454,1293,1454,1291,1455,1285,1455,1282,1454,1280,1454,1269,1455,1265,1455,1140,1457,1134,1457,1125,1459,1122,1457,1120,1457,1090,1459,1087,1459,1055,1461,1054,1459,1050,1459,993,1461,989,1461,951,1459,947,1459,945,1461,941,1461,936,1459,932,1459,919,1461,916,1459,910,1459,908,1461,905,1461,895,1459,892,1459,884,1463,879,1463,864,1467,855,1468,853,1468,849,1474,846,1476,846,1476,844,1481,840,1487,838,1489,838,1496,840,1500,846,1502,851,1500,855,1502,857,1502,859,1504,864,1504,866,1502,870,1504,872,1504,873,1502,877,1504,879,1504,881,1502,884,1502,890,1500,894,1502,897,1502,932,0.64230741939072
1589,873,1587,877,1587,890,1585,894,1587,897,1587,934,1585,938,1587,940,1587,947,1585,952,1585,956,1587,960,1587,967,1585,971,1585,995,1584,998,1585,1000,1585,1037,1587,1041,1587,1048,1585,1052,1585,1072,1584,1076,1584,1111,1582,1114,1582,1120,1584,1122,1584,1147,1582,1151,1582,1191,1580,1197,1580,1208,1582,1214,1582,1228,1580,1234,1580,1256,1578,1261,1578,1267,1580,1272,1580,1383,1578,1390,1574,1392,1574,1394,1569,1397,1563,1399,1558,1399,1546,1396,1543,1390,1541,1385,1541,1350,1539,1344,1539,1335,1541,1333,1539,1329,1539,1328,1541,1324,1539,1322,1539,1320,1541,1318,1539,1315,1539,1313,1541,1311,1539,1307,1539,1276,1541,1271,1541,1225,1543,1221,1543,1215,1541,1212,1541,1210,1543,1208,1541,1204,1541,1180,1543,1177,1543,1171,1541,1168,1541,1166,1543,1162,1541,1160,1541,1151,1543,1147,1543,1136,1545,1134,1543,1131,1543,1114,1545,1109,1545,1105,1543,1103,1543,1070,1545,1065,1545,1033,1543,1030,1543,1015,1545,1013,1545,963,1546,958,1546,916,1548,914,1546,910,1546,901,1548,897,1546,895,1546,894,1548,892,1546,888,1546,879,1548,873,1548,862,1552,853,1554,851,1554,849,1556,848,1558,840,1563,837,1569,835,1578,838,1582,842,1589,861,0.662208045570831
1548,805,1545,796,1543,794,1545,791,1543,789,1545,781,1546,776,1550,772,1554,770,1556,769,1559,767,1569,763,1584,763,1593,767,1595,769,1598,774,1598,778,1600,781,1598,787,1598,792,1597,796,1597,798,1593,807,1589,811,1580,815,1567,815,1558,811,1550,807,0.6377226802564803
1515,772,1517,772,1520,778,1522,783,1524,787,1522,794,1520,800,1515,805,1513,809,1507,813,1496,816,1481,816,1472,813,1468,809,1467,809,1463,804,1461,798,1461,794,1459,791,1459,787,1463,778,1465,776,1465,774,1472,767,1481,763,1496,763,1506,767,1513,770,0.6498582775337028
1987,686,1987,712,1985,719,1985,745,1987,750,1987,758,1985,761,1985,770,1983,776,1985,780,1983,783,1983,838,1981,842,1983,846,1983,886,1981,892,1981,963,1980,971,1980,976,1981,980,1980,982,1981,987,1980,991,1980,1013,1978,1019,1978,1030,1974,1041,1972,1044,1968,1050,1965,1054,1957,1057,1952,1059,1948,1059,1940,1057,1935,1054,1927,1048,1924,1037,1924,1033,1922,1028,1924,1024,1924,1017,1922,1013,1922,1008,1924,1000,1924,962,1926,954,1926,916,1924,910,1924,895,1926,888,1926,855,1924,851,1924,833,1926,826,1926,772,1927,765,1927,745,1926,741,1926,728,1927,721,1927,710,1929,702,1929,693,1927,690,1927,642,1929,634,1931,631,1931,610,1933,603,1933,598,1931,594,1931,592,1933,585,1940,574,1944,570,1952,566,1957,564,1965,563,1976,568,1981,574,1985,581,1987,587,1987,590,1989,596,1989,682,0.6792448742787993
1890,603,1890,618,1892,627,1892,645,1890,655,1890,780,1888,787,1887,796,1887,800,1888,809,1888,822,1887,831,1887,870,1885,879,1885,919,1883,925,1879,929,1872,930,1866,930,1861,929,1857,927,1851,923,1851,789,1855,770,1855,754,1853,748,1853,747,1855,737,1855,592,1857,583,1861,579,1862,572,1864,570,1864,568,1866,566,1872,566,1872,564,1879,563,1885,563,1890,564,1892,566,1894,574,1894,579,1892,583,1892,594,0.662076437489527
1433,548,1437,552,1440,559,1440,566,1439,570,1439,574,1437,581,1435,587,1433,588,1433,594,1431,599,1431,603,1433,607,1433,614,1435,618,1435,625,1433,631,1433,667,1435,671,1435,682,1433,690,1433,704,1431,710,1431,712,1433,715,1433,739,1431,747,1429,750,1431,752,1431,767,1435,769,1437,780,1439,783,1439,796,1435,807,1433,809,1431,813,1426,815,1411,822,1401,822,1394,820,1383,816,1381,815,1377,813,1377,811,1375,811,1374,809,1370,802,1370,800,1368,796,1368,787,1370,780,1372,774,1372,772,1374,767,1377,763,1379,759,1379,756,1375,748,1375,745,1374,741,1374,734,1375,728,1375,710,1377,702,1377,618,1379,610,1381,605,1381,596,1379,592,1379,587,1377,583,1377,581,1375,577,1375,563,1377,555,1379,550,1381,548,1385,546,1387,544,1394,541,1407,541,1422,544,0.6939831805740084
1349,587,1349,620,1351,623,1353,629,1353,647,1351,653,1351,678,1349,684,1349,690,1348,697,1349,702,1349,748,1348,754,1349,758,1349,759,1346,770,1348,774,1349,780,1349,785,1351,789,1349,792,1349,794,1348,802,1342,809,1336,811,1329,815,1323,816,1309,816,1301,815,1296,811,1292,807,1288,800,1286,794,1284,791,1284,783,1286,776,1288,772,1288,770,1290,767,1288,763,1288,758,1286,752,1288,748,1288,730,1286,724,1284,721,1284,710,1288,695,1290,691,1290,690,1288,686,1286,678,1288,677,1286,671,1286,636,1288,629,1292,623,1294,620,1296,620,1294,616,1294,581,1292,577,1292,564,1294,557,1297,552,1305,544,1312,541,1318,539,1325,539,1333,541,1335,542,1336,542,1342,546,1349,552,1353,563,1353,572,1351,577,1351,583,0.6621489646295978
1604,548,1604,552,1606,553,1610,561,1610,568,1608,572,1608,577,1604,583,1598,588,1591,588,1587,590,1515,590,1511,592,1496,592,1493,594,1485,594,1478,590,1476,588,1474,588,1470,587,1468,587,1461,583,1459,581,1455,574,1455,564,1457,557,1461,552,1463,552,1465,548,1476,544,1480,542,1481,542,1485,541,1504,541,1511,542,1513,542,1520,544,1522,544,1526,542,1561,542,1565,541,1569,541,1572,539,1584,539,1591,541,1598,544,0.6274858439379725
452,506,452,507,454,513,454,526,452,530,452,594,450,601,450,610,452,618,452,631,450,638,450,662,448,667,448,704,446,710,446,721,448,726,448,735,446,743,446,787,448,792,448,816,446,820,446,837,442,848,442,855,441,859,439,864,439,866,437,872,437,881,435,886,435,888,433,894,433,905,431,912,431,934,433,940,433,949,435,956,435,969,433,976,433,978,431,986,431,1000,429,1008,429,1026,428,1030,428,1037,426,1043,426,1066,428,1072,428,1098,426,1105,426,1191,424,1199,422,1201,422,1203,418,1206,409,1206,403,1204,400,1201,400,1144,398,1138,396,1131,396,1122,400,1107,400,1072,398,1065,398,1052,400,1044,400,1030,401,1022,401,1008,403,1004,403,965,405,960,403,954,403,940,401,932,401,919,403,916,403,901,407,886,407,879,411,873,413,873,413,862,414,855,414,717,416,710,416,680,418,673,418,671,416,667,416,662,418,658,418,577,420,570,420,568,418,563,418,561,420,553,420,548,422,541,420,535,420,522,422,515,422,489,424,482,422,476,422,460,424,452,424,447,422,441,422,436,424,432,424,430,422,425,422,423,426,408,428,406,428,405,426,399,424,395,424,390,426,386,428,379,431,375,439,373,448,373,454,375,457,379,457,381,459,386,459,392,457,395,457,397,455,405,454,406,455,412,457,419,457,421,455,427,455,432,454,438,454,498,0.5987128826397098
