760,693,763,693,765,694,791,694,797,697,799,698,810,698,813,697,825,697,827,698,832,699,835,703,836,707,836,713,834,720,832,721,826,724,808,724,804,723,801,723,797,724,751,724,745,721,742,720,741,719,738,712,738,703,741,697,741,695,745,693,748,691,757,691,0.5036025565426395
1014,686,1017,691,1017,695,1018,697,1018,704,1017,708,1012,711,999,711,996,710,992,708,990,703,990,697,991,693,996,690,997,690,1000,687,1004,685,1010,685,0.47069982944403665
1205,685,1206,686,1208,689,1208,695,1206,698,1204,699,1197,699,1195,698,1194,697,1192,694,1192,687,1194,685,1196,683,1203,683,0.35191943242828894
1143,704,1138,702,1137,700,1134,695,1134,689,1135,687,1135,681,1137,677,1141,674,1143,673,1150,673,1155,676,1156,677,1156,678,1157,680,1163,680,1166,677,1169,676,1173,676,1175,674,1182,674,1186,676,1188,680,1190,682,1190,685,1191,686,1191,694,1190,698,1186,700,1183,702,1181,702,1178,703,1169,703,1166,702,1159,702,1154,704,0.3791876832232965
1187,648,1191,652,1203,652,1206,653,1210,657,1210,672,1209,676,1205,680,1195,680,1191,678,1188,676,1174,676,1172,674,1169,674,1165,673,1164,672,1160,670,1156,667,1156,657,1157,653,1161,650,1164,650,1166,648,1168,648,1170,647,1183,647,0.4077381391091397
1186,607,1187,608,1190,614,1190,618,1191,621,1192,620,1199,617,1205,617,1209,618,1213,622,1214,626,1214,637,1212,643,1210,644,1204,647,1190,647,1187,648,1181,651,1173,651,1166,648,1165,647,1163,640,1163,614,1165,608,1166,607,1173,604,1179,604,0.3808564067820878
1210,577,1212,580,1212,604,1210,608,1206,609,1200,609,1196,608,1195,604,1195,600,1194,600,1192,596,1192,587,1194,583,1195,582,1195,580,1196,577,1200,575,1206,575,0.3735093903360945
801,681,803,674,804,673,804,672,805,670,805,669,804,668,803,661,803,655,804,648,805,647,805,621,806,616,805,612,805,607,804,601,804,593,805,587,805,582,804,575,804,566,805,560,806,558,806,557,809,553,819,553,823,554,827,557,827,586,828,592,828,607,827,610,827,613,830,614,830,617,831,623,831,638,830,642,830,644,832,646,832,663,831,669,831,670,832,677,832,690,831,697,830,698,823,699,813,699,806,698,801,693,0.4919833274799027
600,532,603,536,604,540,604,596,603,600,603,617,601,621,601,631,603,634,603,644,601,648,601,663,603,665,603,677,601,681,601,686,600,690,600,712,597,719,596,720,590,723,583,723,577,720,575,719,573,712,573,710,572,706,572,670,573,668,573,651,574,648,574,608,575,604,575,587,577,584,577,574,578,571,578,558,579,556,579,540,581,535,585,532,588,531,595,531,0.5113564384743957
1185,607,1182,610,1172,610,1168,609,1164,607,1164,603,1163,600,1163,583,1161,580,1161,578,1160,575,1160,573,1159,570,1159,563,1160,562,1160,557,1159,554,1159,528,1156,523,1156,517,1159,511,1160,510,1160,509,1161,507,1166,505,1173,505,1177,506,1181,509,1181,533,1182,535,1182,539,1183,540,1183,556,1186,561,1186,583,1187,584,1187,586,1188,587,1188,597,1186,603,0.4769624484954654
821,505,822,509,822,528,821,532,817,533,810,533,806,532,805,528,805,509,806,505,810,503,817,503,0.4624913186999038
1174,485,1175,488,1175,496,1174,498,1173,500,1170,501,1164,501,1161,500,1160,497,1160,490,1161,488,1163,487,1163,485,1165,484,1172,484,0.4241365885959481
1105,476,1107,480,1108,483,1108,484,1110,485,1110,502,1111,503,1111,507,1112,509,1112,522,1114,523,1114,552,1115,553,1115,580,1116,582,1116,607,1117,608,1117,612,1119,613,1119,614,1120,616,1120,617,1121,618,1121,626,1119,631,1117,633,1112,635,1105,635,1101,634,1098,630,1097,629,1094,623,1094,599,1093,596,1093,593,1092,591,1092,557,1090,554,1090,552,1089,549,1089,510,1088,507,1088,505,1086,502,1086,483,1088,479,1092,476,1094,475,1101,475,0.498160264999645
561,470,564,473,565,477,565,490,566,493,566,496,568,498,568,509,566,511,566,513,565,515,565,528,564,531,564,545,563,549,563,596,561,600,561,603,560,607,560,621,559,625,559,629,557,633,557,673,559,676,559,685,557,687,557,710,555,716,554,717,547,720,541,720,534,717,533,716,530,710,530,687,529,685,529,683,528,680,528,670,529,668,529,664,530,661,530,657,529,655,529,647,530,644,530,640,532,637,532,621,533,618,533,587,534,584,534,574,535,571,535,540,537,535,538,533,538,530,537,527,537,519,538,515,538,498,539,496,539,483,541,480,541,477,542,472,546,470,550,468,556,468,0.5586611843235855
790,697,782,697,775,694,773,691,770,685,769,682,769,669,768,668,766,664,766,640,768,638,768,626,769,623,769,610,768,607,768,577,769,574,769,548,770,544,770,541,769,539,769,537,768,533,768,496,766,492,766,485,768,483,768,479,766,476,766,475,765,471,765,462,768,455,768,454,772,450,775,449,782,449,788,451,790,453,792,459,792,475,794,477,794,537,795,540,795,547,796,550,796,560,795,563,795,595,796,597,796,612,795,614,795,618,796,621,796,647,797,650,797,670,799,672,801,678,801,686,800,690,796,694,0.5397933714071024
265,681,268,678,267,678,268,676,272,673,276,672,283,672,288,673,290,677,290,678,294,680,295,681,299,681,301,680,303,678,303,652,306,646,306,642,305,639,305,610,306,608,306,596,307,593,307,571,308,567,308,553,311,547,311,535,312,531,312,514,314,511,314,483,315,480,315,459,314,455,314,443,315,441,315,438,316,433,320,430,324,429,330,429,335,430,338,434,339,438,339,446,341,449,341,501,339,505,339,513,338,517,338,522,337,526,337,530,335,533,335,544,337,548,337,560,335,563,335,588,334,592,334,612,333,616,333,620,334,623,334,631,335,634,335,643,334,646,334,659,333,663,333,668,332,672,332,674,330,677,330,685,332,689,332,697,329,703,326,706,320,708,293,708,289,710,272,710,268,708,267,708,263,707,262,707,257,706,254,702,253,698,253,691,254,686,258,683,262,682,265,682,0.5198652893195524
818,430,821,433,821,436,822,441,822,457,823,462,823,498,822,502,819,505,810,505,806,503,804,501,804,487,801,484,801,455,800,450,800,442,801,437,801,436,803,432,805,429,814,429,0.49618938403006607
1156,433,1157,429,1161,428,1168,428,1172,429,1172,430,1173,432,1174,436,1174,437,1175,441,1175,449,1174,453,1170,454,1164,454,1160,453,1159,449,1159,447,1156,440,0.4533672786810819
751,423,754,427,755,430,755,433,756,436,756,485,757,488,757,500,759,503,759,540,760,543,760,571,761,574,761,584,760,588,760,591,759,593,759,597,760,600,760,631,761,634,761,639,763,643,763,667,765,673,765,683,764,689,761,690,761,691,757,694,754,695,746,695,741,694,738,690,737,689,734,682,734,635,733,633,733,631,732,627,732,616,733,613,733,609,734,607,734,563,733,560,733,553,732,549,732,522,730,518,730,510,732,507,732,494,730,492,730,490,729,487,729,430,730,425,734,423,738,421,746,421,0.5447137677639761
1157,676,1154,680,1150,681,1143,681,1139,680,1135,676,1134,672,1134,670,1133,668,1133,667,1132,664,1132,639,1129,633,1129,631,1128,627,1126,625,1126,616,1129,609,1129,607,1126,601,1126,548,1125,544,1125,526,1124,523,1124,480,1123,476,1123,470,1121,466,1121,411,1120,408,1120,397,1119,393,1119,373,1120,369,1124,365,1128,364,1134,364,1138,365,1142,369,1143,373,1143,381,1145,383,1145,386,1146,389,1146,408,1147,412,1147,428,1148,430,1148,480,1150,483,1150,501,1151,503,1151,522,1152,524,1152,530,1154,532,1154,552,1155,556,1155,561,1156,563,1156,571,1155,575,1155,587,1156,590,1156,597,1154,604,1154,607,1156,613,1156,614,1157,618,1157,646,1159,648,1161,651,1164,657,1164,664,1161,670,1159,673,0.5047009169073249
1190,552,1188,549,1188,548,1187,545,1187,500,1188,498,1188,473,1187,471,1187,463,1185,458,1185,390,1183,387,1183,370,1185,369,1185,365,1186,361,1190,359,1192,357,1199,357,1203,359,1205,363,1206,365,1206,373,1205,376,1205,382,1206,383,1206,442,1208,443,1208,450,1209,451,1209,466,1210,467,1210,492,1212,493,1212,552,1213,553,1213,557,1214,558,1214,571,1213,575,1209,578,1206,579,1199,579,1195,578,1192,574,1190,569,0.45886490484092407
1199,338,1201,342,1201,356,1200,359,1196,361,1190,361,1187,360,1185,356,1185,355,1183,351,1183,344,1185,340,1186,339,1190,337,1196,337,0.49805455989180464
849,335,853,339,853,356,854,357,854,393,855,394,855,420,854,423,854,429,855,430,855,455,857,457,857,476,858,477,858,543,859,544,859,554,861,556,861,565,862,566,862,570,863,571,863,583,862,586,862,613,861,616,861,656,862,657,862,674,863,676,863,687,862,690,862,712,859,717,858,719,853,721,846,721,843,720,839,716,839,707,840,706,840,693,839,690,839,661,837,659,837,626,839,625,839,583,837,580,837,567,836,565,836,556,835,553,835,526,834,523,834,458,832,455,832,443,834,442,834,437,831,434,831,400,830,398,830,380,831,378,831,369,830,367,830,355,831,353,831,342,832,338,836,334,845,334,0.5171310914788882
1196,313,1197,316,1197,326,1196,329,1194,330,1187,330,1185,329,1183,326,1183,316,1185,313,1187,312,1194,312,0.378468309149698
849,301,850,305,850,313,849,317,849,330,848,334,844,335,837,335,834,334,832,330,832,308,834,304,835,303,835,301,839,300,845,300,0.4253440711498261
1191,287,1192,290,1192,299,1191,301,1188,303,1182,303,1179,301,1178,299,1178,290,1179,287,1182,286,1188,286,0.35132924995074666
1103,304,1105,305,1105,309,1106,310,1106,335,1107,337,1107,352,1106,355,1106,361,1107,363,1107,397,1108,398,1108,450,1110,451,1110,460,1108,464,1105,467,1102,468,1095,468,1092,467,1089,463,1088,460,1088,453,1086,450,1086,427,1085,424,1085,421,1084,419,1084,400,1083,398,1083,327,1081,325,1081,304,1079,299,1079,279,1080,275,1084,273,1086,271,1093,271,1097,273,1099,277,1101,279,1101,295,1103,300,0.4843615574981578
1164,257,1166,261,1168,263,1168,282,1169,283,1169,314,1170,316,1170,348,1172,350,1172,361,1170,364,1170,369,1172,370,1172,382,1173,383,1173,387,1174,389,1174,398,1172,403,1170,404,1165,407,1159,407,1155,406,1152,402,1151,399,1151,385,1150,382,1150,380,1148,377,1148,348,1147,346,1147,343,1146,340,1146,317,1145,314,1145,308,1146,307,1146,295,1145,292,1145,284,1146,283,1146,275,1145,273,1145,266,1147,261,1147,260,1151,257,1154,256,1160,256,0.4727195879831067
386,254,390,257,390,262,391,263,391,271,390,274,390,303,388,305,388,321,387,323,387,331,386,334,386,378,385,381,385,408,383,411,383,440,382,442,382,477,381,480,381,493,379,496,379,514,378,517,378,524,377,527,377,556,375,558,375,574,374,577,374,596,373,599,373,665,372,668,372,695,369,700,366,703,361,706,354,706,348,703,346,700,343,695,343,686,345,685,345,682,346,681,346,653,347,652,347,625,348,623,348,587,350,586,350,578,351,577,351,574,352,573,352,561,354,560,354,518,355,517,355,511,356,510,356,498,357,497,357,489,356,487,356,477,357,476,357,464,359,463,359,432,360,430,360,420,359,417,359,411,360,410,360,407,361,406,361,389,363,387,363,381,364,380,364,337,365,335,365,316,366,314,366,282,368,280,368,261,369,257,372,253,382,253,0.4836892651886844
1164,260,1159,262,1152,262,1148,261,1146,257,1145,256,1142,250,1142,236,1139,232,1138,230,1138,219,1141,214,1141,213,1145,210,1147,209,1157,209,1161,210,1164,214,1165,217,1165,236,1168,240,1169,243,1169,250,1165,258,0.4430329819407427
1139,351,1138,355,1134,357,1132,359,1125,359,1121,357,1119,353,1117,351,1117,338,1116,335,1116,333,1115,330,1115,312,1114,309,1114,301,1115,300,1115,295,1112,290,1112,260,1111,257,1111,248,1112,247,1112,233,1110,230,1108,227,1108,217,1110,214,1111,210,1115,207,1117,206,1125,206,1130,209,1134,213,1137,218,1137,227,1134,232,1134,236,1135,237,1135,299,1137,300,1137,321,1139,326,0.46348586962384014
979,202,986,202,990,203,994,207,995,211,996,213,997,217,997,232,996,235,996,245,997,248,997,261,999,263,999,292,1000,295,1000,364,1001,368,1001,423,1003,425,1003,428,1004,430,1004,442,1003,445,1003,451,1004,455,1004,458,1005,460,1005,471,1004,473,1004,487,1005,490,1005,494,1006,498,1006,515,1008,519,1008,520,1009,524,1009,563,1010,566,1010,583,1012,586,1012,631,1013,634,1013,647,1014,650,1014,652,1015,655,1015,656,1017,660,1017,663,1018,665,1018,668,1019,670,1019,678,1018,682,1014,686,1010,687,1000,687,994,685,990,681,987,674,987,652,986,648,986,631,985,627,985,593,983,591,983,590,982,586,982,527,981,523,981,517,979,514,979,489,978,487,978,477,977,473,977,447,975,445,975,407,974,403,974,360,973,356,973,350,974,347,974,309,973,305,973,283,972,279,972,232,970,228,969,226,969,214,972,207,975,203,0.5245962871825577
254,710,252,712,245,715,237,715,234,713,230,710,228,706,226,700,226,691,227,687,227,682,226,680,226,667,225,664,225,655,226,652,226,623,227,620,227,616,228,612,228,596,231,590,232,586,234,584,234,558,232,554,232,537,234,535,234,514,235,511,235,503,236,501,236,483,237,480,237,468,239,466,239,399,240,395,240,389,239,385,239,369,240,367,240,343,241,340,241,305,243,301,243,279,244,275,244,269,245,266,245,258,246,256,246,243,248,239,248,237,249,233,249,198,252,192,253,190,259,188,266,188,270,189,274,193,275,197,275,211,274,215,274,232,272,235,272,252,271,256,271,274,270,278,270,300,268,304,268,351,267,355,267,378,266,382,266,393,267,397,267,403,266,407,266,411,267,415,267,425,266,429,266,459,265,462,265,466,263,468,263,488,262,492,262,514,261,518,261,562,258,569,258,601,257,605,257,607,255,609,255,612,254,614,254,618,253,622,253,647,254,650,254,652,255,655,255,667,254,670,253,673,253,680,254,681,255,683,257,683,261,687,262,691,262,700,261,704,257,708,0.5411295536074896
450,247,452,248,452,267,453,269,453,280,454,282,454,293,453,296,453,309,454,310,454,335,455,337,455,348,454,351,454,361,455,363,455,372,454,374,454,378,453,381,453,416,452,419,452,429,450,432,450,440,452,441,452,455,450,458,450,479,452,480,452,488,450,490,450,493,449,497,446,501,435,501,430,498,428,497,426,492,426,441,427,440,427,416,428,415,428,391,430,390,430,378,431,377,431,307,430,304,430,301,428,299,428,291,427,288,427,282,428,280,428,270,427,267,427,253,428,252,428,232,427,230,427,223,426,220,426,206,427,202,428,200,428,196,430,192,432,188,443,188,446,189,450,192,450,213,449,215,449,220,450,222,453,227,453,235,450,240,0.5217508657155696
916,188,917,189,920,196,920,218,921,222,921,261,923,263,923,299,921,303,921,317,923,321,923,335,921,339,921,353,923,356,923,369,924,372,924,391,925,394,925,408,924,411,924,415,925,417,925,429,924,433,924,441,925,443,925,449,926,451,926,460,925,464,925,468,926,472,926,479,925,483,924,485,924,489,925,493,925,522,926,524,926,544,928,545,929,548,928,548,930,550,932,556,932,562,929,569,928,570,925,571,919,574,911,574,906,573,903,570,902,565,902,548,899,543,899,535,898,533,897,528,897,437,895,434,895,417,897,415,897,380,895,377,895,376,894,372,894,317,895,313,895,283,894,279,894,260,893,256,893,248,894,245,894,237,893,233,893,224,894,220,894,218,893,215,893,213,892,210,892,209,890,205,890,198,892,193,894,190,895,190,895,189,898,187,903,185,910,185,0.5460804556127714
1141,187,1143,185,1150,185,1152,187,1154,187,1156,188,1157,188,1161,189,1165,192,1165,203,1161,211,1159,215,1148,215,1146,214,1142,213,1138,210,1132,210,1129,211,1117,211,1112,209,1110,206,1107,201,1107,190,1108,187,1111,183,1126,183,1134,187,0.43843353502452376
883,184,884,185,886,192,888,196,888,233,885,240,884,241,877,244,870,244,865,243,862,240,861,235,861,233,859,231,859,222,858,218,858,214,857,210,857,207,855,203,855,197,857,193,859,187,859,185,862,183,867,181,876,181,0.5175329864710226
845,184,848,188,849,190,849,198,848,201,848,207,849,209,849,210,850,211,850,214,852,215,852,243,850,245,850,292,849,296,845,299,843,300,836,300,832,299,830,295,828,292,828,274,827,271,827,261,828,260,828,239,827,236,827,231,826,228,826,227,825,224,825,214,826,213,826,201,825,198,825,190,826,187,830,184,832,183,841,183,0.47472480083452473
978,663,981,665,982,670,982,678,981,683,979,685,979,691,981,693,983,699,983,706,981,712,979,715,977,717,969,720,961,720,955,717,954,716,951,710,951,702,952,698,952,697,954,693,954,687,952,685,952,683,951,681,951,678,950,674,950,668,948,664,948,656,946,650,946,625,945,622,945,621,943,617,943,600,942,596,942,569,941,565,939,562,939,543,938,539,938,532,937,528,937,522,938,518,938,506,937,502,937,484,938,480,938,473,937,471,937,464,935,460,935,454,934,450,934,433,935,429,935,421,934,419,934,417,933,413,933,395,932,393,932,391,930,387,930,380,932,377,932,370,930,367,930,353,933,347,933,343,932,340,932,339,930,335,930,325,932,322,932,318,933,316,933,286,932,283,932,282,930,278,930,269,933,262,933,235,932,231,930,228,930,211,932,207,932,203,930,201,930,190,933,184,935,181,942,179,950,179,955,180,957,183,959,188,959,198,957,201,957,210,959,214,959,224,957,228,957,235,959,237,959,297,960,300,960,404,961,407,961,417,963,420,963,427,964,430,964,454,965,457,965,472,964,476,964,501,965,503,965,515,966,519,966,547,968,550,968,562,969,566,969,573,970,577,970,583,972,586,972,610,973,613,973,630,974,634,974,637,975,639,975,642,977,644,977,663,0.5450998446836055
819,361,821,363,821,377,822,378,822,398,823,399,823,424,822,427,821,430,817,433,814,434,808,434,804,433,801,429,800,427,800,406,799,403,799,374,797,372,797,327,796,325,796,312,795,309,795,278,792,273,792,265,794,263,794,254,792,252,792,233,791,231,791,228,790,226,790,211,792,206,792,203,791,203,788,200,787,197,787,190,788,187,792,184,794,183,799,180,805,180,808,181,809,181,813,183,815,187,817,189,817,197,814,202,814,210,815,211,815,215,817,217,817,227,815,230,815,252,817,253,817,262,818,263,818,295,817,297,817,300,819,305,0.48681490617648426
778,183,782,184,786,188,786,198,785,201,785,215,786,217,786,231,785,233,785,267,786,269,786,275,785,278,785,293,786,295,786,340,787,342,787,356,786,359,786,367,787,368,787,393,788,394,788,403,790,404,790,415,788,417,788,427,790,428,790,443,787,449,786,450,781,453,774,453,770,451,766,447,766,427,765,424,765,400,764,398,764,390,763,387,763,381,764,380,764,364,763,361,763,352,764,351,764,299,761,296,761,277,760,274,760,213,759,210,759,200,757,197,757,188,759,184,763,180,773,180,0.49675542565013525
421,184,422,185,425,189,425,209,426,210,426,218,425,222,419,224,413,224,409,223,406,218,406,210,404,205,404,201,403,200,403,189,405,185,406,184,410,181,417,181,0.35945616653360474
996,189,996,197,995,201,992,203,978,203,973,202,969,198,968,193,968,187,969,181,970,180,975,179,986,179,991,180,995,184,0.4770839120876991
746,180,747,181,750,187,750,198,748,201,748,222,747,224,747,233,748,235,748,236,750,237,750,278,751,279,751,321,750,323,750,335,751,337,751,373,750,376,750,410,748,413,745,416,742,417,735,417,732,416,729,412,728,410,728,380,726,377,726,343,728,342,728,333,726,330,726,317,728,316,728,296,726,293,726,270,725,267,725,254,724,252,724,245,725,244,725,230,724,227,724,211,725,210,725,188,728,183,728,181,732,179,734,177,741,177,0.4973968488836213
603,179,606,181,606,200,605,202,605,210,606,211,606,226,608,227,608,262,609,263,609,274,608,277,608,290,606,292,606,299,608,300,608,307,609,308,609,316,608,318,608,351,609,352,609,361,610,363,610,369,612,370,612,393,613,394,613,402,612,404,612,408,610,411,610,430,609,433,609,441,608,443,608,460,606,463,606,497,605,500,605,511,604,515,601,519,591,519,587,518,583,515,583,503,585,502,585,459,583,457,583,446,585,445,585,438,586,437,586,432,585,429,585,423,586,421,586,399,587,398,587,390,586,387,586,363,585,360,585,348,583,346,583,337,585,335,585,307,583,304,583,226,582,223,582,202,581,200,581,189,582,188,582,185,583,181,586,177,599,177,0.5068193261505347
388,181,390,183,392,187,392,194,390,198,390,235,388,236,388,252,387,256,382,258,375,258,372,257,369,252,369,230,370,228,370,222,369,220,369,214,370,213,370,185,372,181,377,179,385,179,0.41701299725732266
1225,170,1227,175,1227,194,1228,196,1228,210,1230,211,1230,231,1228,235,1223,237,1217,237,1213,236,1210,231,1210,228,1209,227,1209,214,1208,213,1208,201,1209,200,1209,190,1208,189,1208,185,1206,184,1206,176,1209,172,1210,171,1214,168,1221,168,0.4153909365678656
449,171,452,173,453,177,453,184,452,188,450,189,449,189,445,190,436,190,432,189,431,185,431,175,432,171,436,170,445,170,0.4433973812881638
1194,273,1192,277,1188,279,1186,280,1179,280,1175,279,1173,275,1172,273,1172,258,1170,257,1169,254,1169,250,1168,248,1168,240,1166,237,1166,192,1165,192,1164,189,1163,189,1160,185,1159,183,1159,176,1160,172,1164,170,1166,168,1168,167,1173,164,1179,164,1185,167,1186,168,1188,173,1188,176,1190,177,1190,185,1188,188,1188,200,1190,201,1190,210,1191,211,1191,253,1194,258,0.41683638799877876
1148,190,1141,187,1129,187,1126,188,1117,188,1112,185,1110,185,1106,184,1103,180,1102,177,1102,171,1103,167,1107,164,1110,163,1111,163,1114,162,1125,162,1128,163,1150,163,1152,164,1155,164,1157,166,1161,167,1164,171,1165,173,1165,181,1164,185,1160,188,1155,190,0.4003204048673312
1094,166,1095,170,1095,179,1094,183,1090,184,1079,184,1075,183,1072,181,1071,177,1071,170,1072,166,1076,164,1090,164,0.38546160608530045
1001,209,1000,207,997,203,996,201,996,200,995,197,995,190,996,185,999,183,999,181,997,180,996,177,996,170,997,164,1001,160,1006,159,1009,158,1012,158,1014,157,1021,157,1026,158,1027,158,1032,159,1036,163,1037,168,1037,176,1036,181,1032,185,1032,188,1034,189,1035,194,1035,205,1034,209,1034,236,1035,237,1036,243,1036,257,1037,258,1037,262,1039,263,1039,267,1040,269,1040,304,1041,305,1041,314,1043,316,1043,340,1044,342,1044,369,1045,370,1045,410,1044,413,1044,421,1045,423,1045,445,1046,446,1046,476,1048,477,1048,507,1049,509,1049,526,1050,527,1050,591,1052,592,1052,607,1053,608,1053,617,1054,618,1054,620,1055,621,1055,638,1057,639,1057,647,1058,648,1058,659,1059,660,1059,700,1061,702,1061,710,1059,715,1055,719,1050,720,1041,720,1036,719,1035,716,1034,715,1031,711,1030,708,1030,689,1028,686,1028,685,1027,682,1027,677,1026,674,1026,651,1025,648,1025,620,1023,617,1023,616,1022,613,1022,590,1021,587,1021,579,1022,574,1022,557,1021,554,1021,547,1019,544,1019,536,1018,533,1018,517,1019,511,1019,510,1018,507,1018,505,1017,502,1017,485,1018,480,1018,479,1017,476,1017,470,1015,467,1015,427,1014,424,1014,415,1015,410,1015,395,1014,393,1014,359,1013,356,1013,338,1012,335,1012,312,1010,309,1010,303,1009,300,1009,284,1008,283,1006,278,1006,256,1005,254,1004,252,1004,235,1001,230,0.5345751118162095
892,180,889,175,889,168,890,164,895,162,899,162,901,160,912,160,916,163,917,164,920,168,920,175,919,176,919,177,917,181,912,184,901,184,895,181,0.5036250862186072
880,160,883,166,883,167,884,168,884,176,883,180,877,183,866,183,863,181,862,181,858,180,855,175,855,168,857,164,862,162,863,162,865,160,866,160,867,159,876,159,0.49327536053814974
969,176,968,172,968,166,969,162,972,162,972,160,975,159,985,159,988,160,990,162,991,166,991,175,990,179,986,180,979,180,972,177,0.4333643360754077
955,160,956,164,956,171,955,175,952,177,952,179,948,180,942,180,938,179,938,177,935,176,934,175,933,171,933,164,934,160,938,159,951,159,0.4245000009735425
745,162,746,164,746,171,745,173,742,175,733,175,730,173,729,171,729,164,730,162,733,160,742,160,0.4168993885007997
643,157,646,160,648,164,648,207,649,211,649,235,646,241,645,243,639,245,631,245,627,244,623,240,622,236,621,233,621,203,619,200,619,188,621,185,621,164,622,160,626,157,630,155,639,155,0.5073792972376472
848,162,850,166,852,168,852,175,850,179,846,181,841,184,827,184,825,183,819,183,817,181,812,181,809,183,803,183,797,180,796,180,794,179,764,179,760,177,757,173,756,171,756,163,757,159,761,157,764,155,774,155,777,157,809,157,812,158,839,158,844,160,0.46887849330581644
706,155,708,159,710,163,710,176,708,180,708,209,710,211,710,223,708,227,708,235,710,237,710,250,711,253,711,265,712,269,712,293,711,297,711,299,710,301,710,307,711,310,711,330,710,334,710,497,711,500,712,503,712,511,714,514,714,522,712,524,711,530,707,532,703,533,695,533,689,531,688,530,685,523,684,520,684,497,683,494,683,410,684,407,684,391,683,387,683,321,684,318,684,284,685,282,685,265,684,262,684,261,683,257,683,240,681,236,681,214,680,210,680,198,681,196,681,188,680,184,680,166,683,159,684,158,686,157,693,154,701,154,0.515619826128767
391,175,386,177,375,177,372,176,368,172,368,170,366,167,366,160,369,155,370,154,375,151,390,151,392,153,409,153,412,151,430,151,432,150,437,150,440,149,448,149,452,150,455,154,455,164,454,168,450,172,446,172,444,173,430,173,428,176,425,180,423,180,421,183,410,183,406,181,403,177,397,175,0.4273229716672111
581,164,581,158,582,153,585,150,590,149,597,149,603,150,604,151,605,157,605,168,604,173,603,177,597,180,591,180,587,179,582,168,0.43239849283704607
565,173,566,176,568,180,568,190,565,196,565,205,566,209,566,219,565,222,565,235,566,237,566,254,568,258,568,274,566,277,566,327,568,331,568,398,566,400,566,403,565,406,565,411,566,415,566,438,565,441,565,468,564,473,560,476,556,477,550,477,545,476,542,472,541,468,541,402,542,398,542,380,543,377,543,364,542,361,542,360,541,356,541,287,539,283,539,266,541,263,541,257,538,250,538,226,535,224,530,224,529,226,529,243,528,247,526,249,526,273,528,277,528,287,529,290,529,312,532,320,532,326,530,330,530,338,532,342,532,350,533,352,533,361,532,364,532,404,530,407,530,420,529,424,529,433,528,437,528,462,526,466,526,518,525,522,525,535,524,539,524,571,523,575,523,577,521,579,521,587,523,590,523,597,521,601,521,617,523,621,523,633,521,637,521,677,520,681,520,690,523,697,523,708,520,715,519,716,512,719,505,719,498,716,497,715,497,713,495,713,493,710,492,706,492,697,493,691,494,690,494,623,495,620,495,563,497,561,497,530,498,526,498,522,497,518,497,509,498,503,499,502,499,493,501,490,501,447,502,445,502,407,503,403,503,402,505,398,505,338,503,335,503,333,502,330,502,304,501,300,501,275,499,273,499,261,501,257,501,249,499,247,499,232,501,230,501,219,499,217,499,206,501,202,501,197,499,194,499,167,497,162,497,155,498,150,502,147,506,146,508,145,520,145,526,147,529,150,532,157,532,164,530,167,530,168,529,171,529,194,528,197,529,198,530,198,533,200,535,200,538,198,538,196,535,190,535,180,537,175,539,173,539,172,538,170,537,170,534,166,533,162,533,155,534,150,538,147,542,146,543,146,546,145,560,145,566,147,568,149,570,155,570,162,568,168,565,171,0.5056209759050254
493,307,494,310,494,372,493,376,493,383,492,387,492,485,489,490,489,502,488,506,488,520,486,524,486,549,485,553,485,583,484,586,484,590,485,592,485,607,484,610,484,653,483,657,483,689,485,697,485,704,483,711,480,713,477,715,471,717,465,717,459,716,457,712,455,708,455,647,457,644,457,637,455,633,455,621,457,618,457,614,455,612,455,592,457,590,457,584,458,582,458,578,457,575,457,563,458,561,458,539,459,536,459,522,461,519,461,509,462,506,462,503,463,501,463,492,462,489,462,477,463,475,463,462,465,459,465,407,466,404,466,303,465,299,465,280,463,278,463,243,462,239,461,236,461,209,459,205,459,180,461,177,461,171,458,167,457,163,457,157,459,150,461,149,463,147,470,145,477,145,484,147,485,149,488,155,488,167,486,170,486,177,488,180,488,190,486,194,486,201,488,203,488,219,489,222,489,230,490,232,490,283,493,291,0.5422284308379933
348,194,347,197,347,217,346,219,346,248,345,250,345,331,343,334,343,340,345,342,345,357,343,360,343,382,342,385,342,391,341,394,341,413,339,416,339,420,338,424,334,427,332,428,325,428,321,427,319,423,317,420,317,378,319,377,319,355,320,353,320,342,321,340,321,297,323,296,323,205,324,203,324,201,325,200,325,170,326,168,326,154,328,150,332,147,334,146,342,146,347,149,348,150,351,155,351,162,348,167,0.4731400018347211
283,680,276,680,272,678,266,672,263,665,263,655,265,652,265,650,266,646,266,623,267,620,267,600,268,597,268,573,270,570,270,531,272,524,272,519,274,515,274,490,275,488,275,484,274,481,274,473,275,470,275,447,276,445,276,441,277,438,277,417,279,415,279,386,280,383,280,370,279,367,279,343,280,340,280,284,281,282,281,243,283,240,283,193,284,190,284,168,285,164,285,162,284,159,284,150,286,143,288,142,294,140,302,140,308,142,310,143,312,150,312,158,310,164,310,172,311,175,311,184,310,187,310,202,308,206,308,293,307,297,307,316,306,320,306,329,307,331,307,357,306,361,306,389,305,393,305,415,303,417,303,446,302,450,302,470,301,472,301,502,299,506,299,509,298,511,298,533,297,537,297,543,295,547,295,556,294,558,294,562,295,566,295,608,294,612,294,617,295,621,295,638,294,642,294,665,292,672,290,673,290,674,286,678,0.5272580638022908
276,180,275,183,275,188,274,192,270,194,267,196,261,196,257,194,254,190,253,189,250,184,250,175,253,170,253,160,252,158,252,157,250,154,250,146,252,142,255,140,258,138,268,138,271,140,275,141,277,145,279,147,279,157,276,162,0.4803472014417785
241,138,243,140,245,145,245,151,244,154,244,155,241,160,241,202,240,205,240,206,239,209,239,228,237,231,237,232,236,235,236,247,237,248,237,254,236,257,236,260,235,262,235,279,234,282,234,288,235,290,235,300,234,303,234,304,232,307,232,309,231,312,231,353,230,356,230,367,231,368,231,381,228,386,227,387,222,390,214,390,210,389,206,386,206,329,208,327,208,303,209,301,209,275,210,274,210,269,212,267,212,250,213,249,213,245,214,244,214,222,215,220,215,217,217,215,217,207,215,205,215,196,217,194,217,170,219,164,219,143,221,140,223,136,236,136,0.5025285672678521
